0 0 0 0 0 0 0 1 0 0
0 0 0 0 0 0 0 1 0 0
0 0.99716 0 0.00284 0 0 0 0 0 0
0 0 0 0 0 0 0 1 0 0
0 0 0 0 0 0 0 1 0 0
0 0.08725 0 0.91275 0 0 0 0 0 0
0 0.00256 0 0.99744 0 0 0 0 0 0
0 1 0 0 0 0 0 0 0 0
0 0 0 0 0 0 0 1 0 0
0 1 0 0 0 0 0 0 0 0
0 0 0 0 0 0 0 1 0 0
0 0 0 0 0 0 0 1 0 0
0 1 0 0 0 0 0 0 0 0
0 0 0 0 0 0 0 1 0 0
0 0 0 0 1 0 0 0 0 0
0 0 0 0 1 0 0 0 0 0
0 0 0 0 1 0 0 0 0 0
0 0 0 0 1 0 0 0 0 0
0 0 0 0 1 0 0 0 0 0
0 0 0 0 1 0 0 0 0 0
0 0.01416 0 0.98584 0 0 0 0 0 0
0 0 0 0 0 0 0 1 0 0
0 0 0 0 0 0 0 1 0 0
0 0 0 0 0 0 0 1 0 0
0 0 0 0 0 0 0 1 0 0
0 0 0 0 1 0 0 0 0 0
0 0 0 0 0 0 0 1 0 0
0 0 0 0 0 0 0 1 0 0
0 0 0 0 1 0 0 0 0 0
0 0 0 0 1 0 0 0 0 0
0 0 0 0 0 0 0 1 0 0
1 0 0 0 0 0 0 0 0 0
1 0 0 0 0 0 0 0 0 0
0 0 0 0 1 0 0 0 0 0
0 0 0 0 1 0 0 0 0 0
1 0 0 0 0 0 0 0 0 0
1 0 0 0 0 0 0 0 0 0
1 0 0 0 0 0 0 0 0 0
0.0068 0 0 0 0.9932 0 0 0 0 0
0 0 0 0 0 0 0 1 0 0
1 0 0 0 0 0 0 0 0 0
1 0 0 0 0 0 0 0 0 0
1 0 0 0 0 0 0 0 0 0
1 0 0 0 0 0 0 0 0 0
1 0 0 0 0 0 0 0 0 0
0.99983 0 0 0 0.00017 0 0 0 0 0
0 0 0 0 1 0 0 0 0 0
0 0 0 0 1 0 0 0 0 0
0 0 0 0 0 0 0 1 0 0
0 0 0 0 1 0 0 0 0 0
0 0 0 0 1 0 0 0 0 0
0 0 0 0 1 0 0 0 0 0
0 1 0 0 0 0 0 0 0 0
0 0 0 0 1 0 0 0 0 0
0 0 0 0 1 0 0 0 0 0
0 1 0 0 0 0 0 0 0 0
0 0 0 1e-05 0.99999 0 0 0 0 0
0 0 0 0 1 0 0 0 0 0
0 0 0 0 1 0 0 0 0 0
0 0 0 0 1 0 0 0 0 0
0 0 0 1e-05 0.99999 0 0 0 0 0
0 0 0 0 1 0 0 0 0 0
0 0 0 0 0 0 0 1 0 0
0 0 0 0 0 0 0 1 0 0
0 0 0 0 1 0 0 0 0 0
0 1 0 0 0 0 0 0 0 0
0 0.00063 0 0.99937 0 0 0 0 0 0
0 1 0 0 0 0 0 0 0 0
0 1 0 0 0 0 0 0 0 0
0 1 0 0 0 0 0 0 0 0
0 1 0 0 0 0 0 0 0 0
0 0 0 0.99919 0.00081 0 0 0 0 0
0 0 0 1 0 0 0 0 0 0
0 1 0 0 0 0 0 0 0 0
0 0 0 0 1 0 0 0 0 0
0 0 0 0 1 0 0 0 0 0
0 1 0 0 0 0 0 0 0 0
0 0.97521 0 0.02479 0 0 0 0 0 0
0 0 0 0 1 0 0 0 0 0
0 0 0 0 1 0 0 0 0 0
0 0 0 0 1 0 0 0 0 0
0 0.99988 0 0.00012 0 0 0 0 0 0
0 0 0 0 1 0 0 0 0 0
0 0 0 0 1 0 0 0 0 0
0 1 0 0 0 0 0 0 0 0
0 0 0 0 1 0 0 0 0 0
0 0 0 0 0 0 0 1 0 0
0 0 0 0 0 0 0 1 0 0
0.24461 0 0 0 0.75539 0 0 0 0 0
0 0 0 0 0 0 0 1 0 0
0 0 0 0 1 0 0 0 0 0
1 0 0 0 0 0 0 0 0 0
0 0 0 0 0 0 0 1 0 0
1 0 0 0 0 0 0 0 0 0
1 0 0 0 0 0 0 0 0 0
1 0 0 0 0 0 0 0 0 0
1 0 0 0 0 0 0 0 0 0
1 0 0 0 0 0 0 0 0 0
1 0 0 0 0 0 0 0 0 0
0 1 0 0 0 0 0 0 0 0
0 0 0 0 0 0 0 1 0 0
0 0 0 1 0 0 0 0 0 0
0 1 0 0 0 0 0 0 0 0
0 0 0 0 0 0 0 1 0 0
0 0 0 0 0 0 0 1 0 0
0 0 0 0 0 0 0 1 0 0
0 0 0 1 0 0 0 0 0 0
0 1 0 0 0 0 0 0 0 0
0 1 0 0 0 0 0 0 0 0
0 0 0 0 0 0 0 1 0 0
0 0 0 1 0 0 0 0 0 0
0 1 0 0 0 0 0 0 0 0
0 0 0 0 1 0 0 0 0 0
0 1 0 0 0 0 0 0 0 0
0 1 0 0 0 0 0 0 0 0
0 0 0 1 0 0 0 0 0 0
0 0 0 1 0 0 0 0 0 0
0 0 0 1 0 0 0 0 0 0
0 0 0 1 0 0 0 0 0 0
0 1 0 0 0 0 0 0 0 0
0 1 0 0 0 0 0 0 0 0
0 0.99999 0 1e-05 0 0 0 0 0 0
0 0 0 0 1 0 0 0 0 0
0 1 0 0 0 0 0 0 0 0
0 1 0 0 0 0 0 0 0 0
0 1 0 0 0 0 0 0 0 0
0 0 0 0 1 0 0 0 0 0
0 1 0 0 0 0 0 0 0 0
0 0.99999 0 1e-05 0 0 0 0 0 0
0 0.9901 0 0.0099 0 0 0 0 0 0
0 1 0 0 0 0 0 0 0 0
0 1 0 0 0 0 0 0 0 0
0 0 0 1 0 0 0 0 0 0
1 0 0 0 0 0 0 0 0 0
1 0 0 0 0 0 0 0 0 0
0 0 0 0 0.95827 0 0 0.04173 0 0
0 0 0 0 1 0 0 0 0 0
1 0 0 0 0 0 0 0 0 0
1 0 0 0 0 0 0 0 0 0
0.11464 0 0 0 0.88536 0 0 0 0 0
0 0 0 0 1 0 0 0 0 0
1 0 0 0 0 0 0 0 0 0
9e-05 0 0 0 0.99991 0 0 0 0 0
0.66343 0 0 0 0.33657 0 0 0 0 0
1 0 0 0 0 0 0 0 0 0
1 0 0 0 0 0 0 0 0 0
1 0 0 0 0 0 0 0 0 0
1 0 0 0 0 0 0 0 0 0
0.98144 0 0 0 0.01856 0 0 0 0 0
0 1 0 0 0 0 0 0 0 0
1 0 0 0 0 0 0 0 0 0
0 1 0 0 0 0 0 0 0 0
0 0 0 0 0 0 0 1 0 0
0 1 0 0 0 0 0 0 0 0
0 0 0 0 0 0 0 1 0 0
0 1 0 0 0 0 0 0 0 0
0 1 0 0 0 0 0 0 0 0
0 1 0 0 0 0 0 0 0 0
0 1 0 0 0 0 0 0 0 0
0 1 0 0 0 0 0 0 0 0
0 1 0 0 0 0 0 0 0 0
0 1 0 0 0 0 0 0 0 0
0 0 0 0 0 0 0 1 0 0
0 1 0 0 0 0 0 0 0 0
0 0 0 0 0 0 0 1 0 0
0 0 0 0 0 0 0 1 0 0
0 0 0 0 0 0 0 1 0 0
0 1 0 0 0 0 0 0 0 0
0 1 0 0 0 0 0 0 0 0
0 0 0 1 0 0 0 0 0 0
0 0 0 1 0 0 0 0 0 0
0 0 0 1 0 0 0 0 0 0
0 0 0 0 1 0 0 0 0 0
0 1 0 0 0 0 0 0 0 0
0 0.99998 0 2e-05 0 0 0 0 0 0
0 1 0 0 0 0 0 0 0 0
0 1 0 0 0 0 0 0 0 0
0 0 0 0.00128 0.99872 0 0 0 0 0
0 0 0 1 0 0 0 0 0 0
0 0 0 0.99995 5e-05 0 0 0 0 0
0 1 0 0 0 0 0 0 0 0
0 1 0 0 0 0 0 0 0 0
0 0 0 0 0 0 0 0 0 1
0 0 0 0 0 0 0 0 0 1
0 0 0 0 0 0 0 0 0 1
0 0 0 0 0 0 0 0 0 1
0 0 0 0 0 0 0 0 0 1
0 0 0 0 0 0 0 0 0 1
0 0 0 0 0 0 0 0 0 1
0 0 0 0 0 0 0 0 0 1
0 0 0 0 0 0 0 0 0 1
0 0 0 0 0 0 0 0 0 1
0 0 0 0 0 0 0 0 0 1
0 0 0 0 0 0 0 0 0 1
0 0 0 0 0 0 0 0 0 1
0 0 0 0 0 0 0 0 0 1
0 0 0 0 0 0 0 0 0 1
0 0 0 0 0 0 0 0 0 1
0 0 0 0 0 0 0 0 0 1
0 0 0 0 0 0 0 0 0 1
0 0 0 0 0 0 0 0 0 1
0 0 0 0 0 0 0 0 0 1
0 1 0 0 0 0 0 0 0 0
0 1 0 0 0 0 0 0 0 0
0 1 0 0 0 0 0 0 0 0
0 1 0 0 0 0 0 0 0 0
0 1 0 0 0 0 0 0 0 0
0 1 0 0 0 0 0 0 0 0
0 1 0 0 0 0 0 0 0 0
0 1 0 0 0 0 0 0 0 0
0 1 0 0 0 0 0 0 0 0
0 1 0 0 0 0 0 0 0 0
0 1 0 0 0 0 0 0 0 0
0 1 0 0 0 0 0 0 0 0
0 1 0 0 0 0 0 0 0 0
0 1 0 0 0 0 0 0 0 0
0 1 0 0 0 0 0 0 0 0
0 1 0 0 0 0 0 0 0 0
0 1 0 0 0 0 0 0 0 0
0 1 0 0 0 0 0 0 0 0
0 1 0 0 0 0 0 0 0 0
0 1 0 0 0 0 0 0 0 0
0 0 0 0 0 0 0 0 1 0
0 0 0 0 0 0 0 0 1 0
0 0 0 0 0 0 0 0 0.99995 5e-05
0 0 0 0 0 0 0 0 1 0
0 0 0 0 0 0 0 0 1 0
0 0 0 0 0 0 0 0 1 0
0 0 0 0 0 0 0 0 0.99995 5e-05
0 0 0 0 0 0 0 0 1 0
0 0 0 0 0 0 0 0 1 0
0 0 0 0 0 0 0 0 1 0
0 0 0 0 0.00065 0 0 0 0.99935 0
0 0 0 0 0 0 0 0 1 0
1 0 0 0 0 0 0 0 0 0
0.99996 0 0 0 4e-05 0 0 0 0 0
1 0 0 0 0 0 0 0 0 0
0.99918 0 0 0 0.00082 0 0 0 0 0
0 0 0 0 1 0 0 0 0 0
0 0 0 0 1 0 0 0 0 0
0 0 0 0 1 0 0 0 0 0
0 0 0 1 0 0 0 0 0 0
0 0.51747 0 0.48253 0 0 0 0 0 0
0 0 0 1 0 0 0 0 0 0
0 0 0 1 0 0 0 0 0 0
0 0 0 0.99997 3e-05 0 0 0 0 0
0 0 0 0.95944 0.04056 0 0 0 0 0
0 0 0 0 1 0 0 0 0 0
0 0 0 0 1 0 0 0 0 0
0 0 0 0 0.99956 0 0 0.00044 0 0
0 1 0 0 0 0 0 0 0 0
0 0 0 0 1 0 0 0 0 0
0 0 0 0 1 0 0 0 0 0
0 0 0 0 0 0 0 1 0 0
0 0 0 0 3e-05 0 0 0.99997 0 0
0 0 0 0 1 0 0 0 0 0
0 0 0 0 0 0 0 1 0 0
1 0 0 0 0 0 0 0 0 0
0 0 0 0 1 0 0 0 0 0
0.84992 0 0 0 0.15008 0 0 0 0 0
0 0 0 0 1 0 0 0 0 0
0 0 0 0 1 0 0 0 0 0
0 0 0 0 1 0 0 0 0 0
0 0 0 0 0.9547 0 0 0 0.0453 0
0 0 0 0 1 0 0 0 0 0
0 0 0 0 1 0 0 0 0 0
0 0 0 0 1 0 0 0 0 0
0 0 0 1 0 0 0 0 0 0
0 0 0 0 1 0 0 0 0 0
0 0 0 0 1 0 0 0 0 0
0 0 0 0 1 0 0 0 0 0
0 0 0 0 1 0 0 0 0 0
0 0 0 1 0 0 0 0 0 0
0 0 0 0.98021 0.01979 0 0 0 0 0
0 0 0 0 1 0 0 0 0 0
0 0 0 0 1 0 0 0 0 0
1 0 0 0 0 0 0 0 0 0
1 0 0 0 0 0 0 0 0 0
1 0 0 0 0 0 0 0 0 0
0 0 0 0 1 0 0 0 0 0
0 0 0 0 1 0 0 0 0 0
1 0 0 0 0 0 0 0 0 0
1 0 0 0 0 0 0 0 0 0
0 0 0 0 1 0 0 0 0 0
1 0 0 0 0 0 0 0 0 0
1 0 0 0 0 0 0 0 0 0
0.05396 0 0 0 0.94604 0 0 0 0 0
1 0 0 0 0 0 0 0 0 0
1 0 0 0 0 0 0 0 0 0
0 0 0 0 1 0 0 0 0 0
0 0 0 0 0 0 0 1 0 0
0 0 0 0 0 0 0 1 0 0
0 0 0 0 1 0 0 0 0 0
0 0 0 0 1 0 0 0 0 0
0 0 0 1 0 0 0 0 0 0
0 0 0 1 0 0 0 0 0 0
0 0 0 0 1 0 0 0 0 0
0 0 0 0 1 0 0 0 0 0
0 0 0 0 1 0 0 0 0 0
0 0 0 0 1 0 0 0 0 0
0 0 0 0 1 0 0 0 0 0
0 0 0 0 0 0 0 0 1 0
0 0 0 0 0 0 0 0 1 0
0 0 0 0 0 0 0 0 1 0
0 0 0 0 0 0 0 0 1 0
0 0 0 0 0 0 0 0 1 0
0 0 0 1 0 0 0 0 0 0
0 0 0 0.99998 2e-05 0 0 0 0 0
0 0 0 1 0 0 0 0 0 0
0 0 0 0 1 0 0 0 0 0
0 0 0 1 0 0 0 0 0 0
0 0 0 1 0 0 0 0 0 0
0 0 0 1 0 0 0 0 0 0
0 0 0 0 1 0 0 0 0 0
0 0 0 0 1 0 0 0 0 0
0 0 0 0 1 0 0 0 0 0
0 0 0 0 1 0 0 0 0 0
0 0 0 0 1 0 0 0 0 0
0 0 0 0 1 0 0 0 0 0
0 0 0.00223 0 0 0.99777 0 0 0 0
0 0 0 0 0.62524 0 0 0 0.37476 0
0 0 0.23994 0 0 0.76006 0 0 0 0
0 0 0.77195 0 0 0.22805 0 0 0 0
0 0 0.00308 0 0 0.99692 0 0 0 0
0 0 0.02344 0 0 0.97656 0 0 0 0
0 0 0.00419 0 0 0.99581 0 0 0 0
0 0 0.00351 0 0 0.99649 0 0 0 0
0 0 0.01294 0 0 0.98706 0 0 0 0
1 0 0 0 0 0 0 0 0 0
0.74716 0 0 0 0.25284 0 0 0 0 0
0 0 0 0 1 0 0 0 0 0
0 0 0 0 1 0 0 0 0 0
0 0 0 0 1 0 0 0 0 0
1 0 0 0 0 0 0 0 0 0
0 0 0 0 1 0 0 0 0 0
1 0 0 0 0 0 0 0 0 0
0 0 0 0 1 0 0 0 0 0
0 0 0 0 1 0 0 0 0 0
1 0 0 0 0 0 0 0 0 0
0 0 0.32939 0 0 0.67061 0 0 0 0
1 0 0 0 0 0 0 0 0 0
1 0 0 0 0 0 0 0 0 0
1 0 0 0 0 0 0 0 0 0
1 0 0 0 0 0 0 0 0 0
0 0 0.01543 0 0 0.98457 0 0 0 0
1 0 0 0 0 0 0 0 0 0
0.99989 0 0 0 0.00011 0 0 0 0 0
0 0 0.47333 0 0 0.52667 0 0 0 0
1 0 0 0 0 0 0 0 0 0
0 0 0 0 0 0 1 0 0 0
0 0 0 0 0 0 1 0 0 0
0 0 0 0 0 0 1 0 0 0
0 0 0 0 0 0 1 0 0 0
0 0 0 0 0 0 1 0 0 0
0 0 0 0 0 0 1 0 0 0
0 0 0 0 0 0 1 0 0 0
0 0 0 0 0 0 1 0 0 0
0 0 0 0 0 0 1 0 0 0
0 0 0 0 0 0 1 0 0 0
0 0 0 0 0 0 0 0 1 0
0 0 0 0 0 0 0 0 0 1
0 0 0 0 0 0 0 0 0 1
0 0 0 0 0 0 0 0 0 1
0 0 0 0 0 0 0 0 0 1
0 0 0 0 0 0 0 0 0 1
0 0 0 0 0 0 0 0 0 1
0 0 0 0 0 0 0 0 0 1
0 0 0 0 0 0 0 0 0 1
0 0 0 0 0 0 1 0 0 0
0 0 0.00587 0 0 0.99413 0 0 0 0
0 0 0.7764 0 0 0.2236 0 0 0 0
0 0 0.00215 0 0 0.99785 0 0 0 0
0 0 0.00938 0 0 0.99062 0 0 0 0
0 0 0.01312 0 0 0.98688 0 0 0 0
0 0 0.22671 0 0 0.77329 0 0 0 0
0 0 0.00798 0 0 0.99202 0 0 0 0
0 0 0.00581 0 0 0.99419 0 0 0 0
0 0 0.00069 0 0 0.99931 0 0 0 0
0 0 0.00595 0 0 0.99405 0 0 0 0
0 0 0.04085 0 0 0.95915 0 0 0 0
0 0 0.0045 0 0 0.9955 0 0 0 0
0 0 0.00723 0 0 0.99277 0 0 0 0
0 0 0.02514 0 0 0.97486 0 0 0 0
0 0 0.00075 0 0 0.99925 0 0 0 0
0 0 0.50248 0 0 0.49752 0 0 0 0
0 0 0.67363 0 0 0.32637 0 0 0 0
0 0 0.00354 0 0 0.99646 0 0 0 0
0 0 0 0 0 0 0 0 0.89899 0.10101
0 0 0 0 0 0 0 0 0 1
0 0 0 0 0 0 0 0 0 1
0 0 0 0 0 0 0 0 0 1
0 0 0 0 0 0 0 0 0.00014 0.99986
0 0 0 0 0 0 0 0 0 1
0 0 0 0 0 0 0 0 0 1
0 0 0 0 0 0 0 0 0 1
0 0 0 0 0 0 0 0 0 1
0 0 0 0 0 0 0 0 0 1
0 0 0.09946 0 0 0.90054 0 0 0 0
0 0 0.9994 0 0 6e-04 0 0 0 0
0 0 0.00024 0 0 0.99976 0 0 0 0
0 0 0.93978 0 0 0.06022 0 0 0 0
0 0 0.01389 0 0 0.98611 0 0 0 0
0 0 0.00409 0 0 0.99591 0 0 0 0
0 0 0.01394 0 0 0.98606 0 0 0 0
0 0 0.0038 0 0 0.9962 0 0 0 0
0 0 0.23015 0 0 0.76985 0 0 0 0
0 0 0.10184 0 0 0.89816 0 0 0 0
0 0 0.01758 0 0 0.98242 0 0 0 0
0 0 0.00974 0 0 0.99026 0 0 0 0
0 0 0.01847 0 0 0.98153 0 0 0 0
0 0 0.00245 0 0 0.99755 0 0 0 0
0 0 0.03952 0 0 0.96048 0 0 0 0
0 0 0.99935 0 0 0.00065 0 0 0 0
0 0 0.00113 0 0 0.99887 0 0 0 0
0 0 0.00261 0 0 0.99739 0 0 0 0
0 0 0.00086 0 0 0.99914 0 0 0 0
0 0 0.0038 0 0 0.9962 0 0 0 0
0 0 0.00025 0 0 0.99975 0 0 0 0
0 0 0.00091 0 0 0.99909 0 0 0 0
0 0 6e-04 0 0 0.9994 0 0 0 0
0 0 0.02284 0 0 0.97716 0 0 0 0
0 0 0.05248 0 0 0.94752 0 0 0 0
0 0 0.00065 0 0 0.99935 0 0 0 0
0 0 0.00201 0 0 0.99799 0 0 0 0
0 0 0.03413 0 0 0.96587 0 0 0 0
0 0 0.00157 0 0 0.99843 0 0 0 0
0 0 0.99865 0 0.00135 0 0 0 0 0
0 0 0.00124 0 0 0.99876 0 0 0 0
1 0 0 0 0 0 0 0 0 0
0 0 0.00056 0 0 0.99944 0 0 0 0
1 0 0 0 0 0 0 0 0 0
0 0 0.00022 0 0 0.99978 0 0 0 0
0 0 0.00044 0 0 0.99956 0 0 0 0
0 0 7e-04 0 0 0.9993 0 0 0 0
0 0 0.00199 0 0 0.99801 0 0 0 0
0 0 0.00025 0 0 0.99975 0 0 0 0
0 0 0.00015 0 0 0.99985 0 0 0 0
0 0 0.00041 0 0 0.99959 0 0 0 0
0 0 4e-05 0 0 0.99996 0 0 0 0
0 0 1 0 0 0 0 0 0 0
0 0 0.00012 0 0 0.99988 0 0 0 0
0 0 0.00034 0 0 0.99966 0 0 0 0
0 0 0.02314 0 0 0.97686 0 0 0 0
0 0 0.01426 0 0 0.98574 0 0 0 0
0 0 0.00379 0 0 0.99621 0 0 0 0
0 0 0 0 0 0 0 0 0.01123 0.98877
0 0 0 0 0 0 0 0 0.06874 0.93126
0 0 0 0 0 0 0 0 0.1166 0.8834
0 0 0 0 0 0 0 0 0.86053 0.13947
0 0 0 0 0 0 0 0 0.97642 0.02358
0 0 0 0 0 0 0 0 0.03002 0.96998
0 0 0.09822 0 0 0.90178 0 0 0 0
0 0 0 0 0 0 0 0 1 0
0 0 0 0 0 0 0 0 1 0
0 0 0 0 0 0 0 0 1 0
0 0 0 0 0 0 0 0 1 0
0 0 0 0 0 0 0 0 1 0
0 0 0 0 0 0 0 0 1 0
0 0 0 0 0 0 0 0 1 0
0 0 0 0 0 0 0 0 1 0
0 0 0.69202 0 0 0.30798 0 0 0 0
0 0 0 0 0 1 0 0 0 0
0 0 0.00107 0 0 0.99893 0 0 0 0
0 0 8e-05 0 0 0.99992 0 0 0 0
0 0 5e-05 0 0 0.99995 0 0 0 0
0 0 5e-05 0 0 0.99995 0 0 0 0
1 0 0 0 0 0 0 0 0 0
0 0 0 0 0 0 0 0 1 0
0 0 0.9161 0 0 0.0839 0 0 0 0
0 0 0.00147 0 0 0.99853 0 0 0 0
1 0 0 0 0 0 0 0 0 0
1 0 0 0 0 0 0 0 0 0
1 0 0 0 0 0 0 0 0 0
1 0 0 0 0 0 0 0 0 0
1 0 0 0 0 0 0 0 0 0
1 0 0 0 0 0 0 0 0 0
0 0 0 0 0 0 1 0 0 0
0 0 0 0 0 0 1 0 0 0
0 0 0 0 0 0 1 0 0 0
0 0 0 0 0 0 1 0 0 0
0 0 0 0 0 0 1 0 0 0
0 0 0 0 0 0 1 0 0 0
0 0 0 0 0 0 1 0 0 0
0 0 0 0 0 0 1 0 0 0
0 0 0 0 0 0 1 0 0 0
0 0 0 0 0 0 1 0 0 0
0 0 0.01832 0 0 0.98168 0 0 0 0
0 0 0.00033 0 0 0.99967 0 0 0 0
0 0 0.00032 0 0 0.99968 0 0 0 0
0 0 0 0 1 0 0 0 0 0
0 0 0.00177 0 0 0.99823 0 0 0 0
0 0 0.99905 0 0 0.00095 0 0 0 0
0 0 0 0 1 0 0 0 0 0
0 0 0.04329 0 0 0.95671 0 0 0 0
0 0 0 0 1 0 0 0 0 0
0 0 0.1499 0 0 0.8501 0 0 0 0
0 0 2e-05 0 0 0.99998 0 0 0 0
0 0 0.00064 0 0 0.99936 0 0 0 0
0 0 3e-05 0 0 0.99997 0 0 0 0
0 0 0.00233 0 0 0.99767 0 0 0 0
0 0 0.00054 0 0 0.99946 0 0 0 0
0 0 0.00023 0 0 0.99977 0 0 0 0
0 0 0.00084 0 0 0.99916 0 0 0 0
0 0 0.02044 0 0 0.97956 0 0 0 0
0 0 0.01146 0 0 0.98854 0 0 0 0
0 0 0.00528 0 0 0.99472 0 0 0 0
0 0 0.04032 0 0 0.95968 0 0 0 0
0 0 0.48447 0 0 0.51553 0 0 0 0
0 0 0.04863 0 0 0.95137 0 0 0 0
0 0 0.61381 0 0 0.38619 0 0 0 0
0 0 0.03259 0 0 0.96741 0 0 0 0
0 0 1e-05 0 0 0.99999 0 0 0 0
0 0 3e-05 0 0 0.99997 0 0 0 0
0 0 0.00542 0 0 0.99458 0 0 0 0
0 0 0.25379 0 0 0.74621 0 0 0 0
0 0 0.90781 0 0 0.09219 0 0 0 0
0 0 0.01239 0 0 0.98761 0 0 0 0
0 0 0.00674 0 0 0.99326 0 0 0 0
0 0 0.00158 0 0 0.99842 0 0 0 0
0 0 0.57889 0 0 0.42111 0 0 0 0
0 0 0.04006 0 0 0.95994 0 0 0 0
0 0 0.96698 0 0 0.03302 0 0 0 0
0 0 0.03694 0 0 0.96306 0 0 0 0
0 0 0 0 0 0 0 0 0 1
0 0 0 0 0 0 0 0 0 1
0 0 0 0 0 0 0 0 0 1
0 0 0 0 0 0 0 0 0 1
0 0 0 0 0 0 0 0 0 1
0 0 0 0 0 0 0 0 0 1
0 0 0 0 0 0 0 0 0 1
0 0 0 0 0 0 0 0 0 1
0 0 0 0 0 0 0 0 0 1
0 0 0 0 0 0 0 0 0 1
0 0 0.00034 0 0 0.99966 0 0 0 0
0 0 0.00139 0 0 0.99861 0 0 0 0
0 0 0.00128 0 0 0.99872 0 0 0 0
0 0 0.00052 0 0 0.99948 0 0 0 0
0 0 0.00114 0 0 0.99886 0 0 0 0
0 0 0.00037 0 0 0.99963 0 0 0 0
0 0 0.00011 0 0 0.99989 0 0 0 0
0 0 4e-05 0 0 0.99996 0 0 0 0
0 0 0.00074 0 0 0.99926 0 0 0 0
0 0 0 0 0 0 1 0 0 0
0 0 0 0 0 0 1 0 0 0
0 0 0 0 0 0 1 0 0 0
0 0 0 0 0 0 1 0 0 0
0 0 0 0 0 0 1 0 0 0
0 0 0 0 0 0 1 0 0 0
0 0 0 0 0 0 1 0 0 0
0 0 0 0 0 0 1 0 0 0
0 0 0 0 0 0 1 0 0 0
0 0 0 0 0 0 1 0 0 0
0 0 0 0 0 0 0 0 0 1
0 0 0 0 0 0 0 0 0.10094 0.89906
0 0 0 0 0 0 0 0 1 0
0 0 0 0 0 0 0 0 0 1
0 0 0 0 0 0 0 0 0 1
0 0 0 0 0 0 0 0 0.01867 0.98133
0 0 0.00295 0 0 0.99705 0 0 0 0
0 0 0 0 0 0 0 0 5e-05 0.99995
0 0 0 0 0 0 0 0 0 1
0 0 0 0 0 0 0 0 0 1
0 0 0 0 0 0 0 0 0 1
0 0 0 0 0 0 0 0 8e-05 0.99992
0 0 0 0 0 0 0 0 0.99777 0.00223
0 0 0 0 0 0 0 0 0 1
0 0 0.00206 0 0 0.99794 0 0 0 0
0 0 0.0086 0 0 0.9914 0 0 0 0
0 0 0 0 0 0 0 0 0 1
0 0 0 0 0 0 0 0 2e-05 0.99998
0 0 0.69539 0 0 0.30461 0 0 0 0
0 0 0 0 0 0 0 0 0 1
0 0 0.69773 0 0 0.30227 0 0 0 0
0 0 0.08526 0 0 0.91474 0 0 0 0
0 0 0 0 1 0 0 0 0 0
0 0 0 0 0 0 0 0 0.99739 0.00261
0 0 0 0 1 0 0 0 0 0
0 0 0 0 1 0 0 0 0 0
0 0 0.0543 0 0 0.9457 0 0 0 0
0 0 0.5254 0 0 0.4746 0 0 0 0
0 0 0.04146 0 0 0.95854 0 0 0 0
0 0 0.53053 0 0 0.46947 0 0 0 0
0 0 0.99999 0 0 1e-05 0 0 0 0
0 0 1 0 0 0 0 0 0 0
0 0 0.00198 0 0 0.99802 0 0 0 0
0 0 0.00742 0 0 0.99258 0 0 0 0
0 0 0.0028 0 0 0.9972 0 0 0 0
0 0 0.04037 0 0 0.95963 0 0 0 0
0 0 0 0 0 0 0 0 0.02724 0.97276
0 0 0 0 0 0 0 0 0.99906 0.00094
0 0 0 0 0 0 0 0 1 0
0 0 0 0 0 0 0 0 1 0
0 0 0 0 0 0 0 0 0.99372 0.00628
0 0 0 0 0 0 0 0 0.00404 0.99596
0 0 0 0 0 0 0 0 0.00873 0.99127
0 0 0 0 0 0 0 0 0.98261 0.01739
0 0 0 0 0 0 0 0 0.00067 0.99933
0 0 0 0 0 0 0 0 0.00013 0.99987
0 0 0.82737 0 0 0.17263 0 0 0 0
0 0 0.00585 0 0 0.99415 0 0 0 0
0 0 0.02278 0 0 0.97722 0 0 0 0
0 0 0 0 1 0 0 0 0 0
0 0 0.0648 0 0 0.9352 0 0 0 0
0 0 0.14434 0 0 0.85566 0 0 0 0
0 0 0 0 1 0 0 0 0 0
0 0 0 0 1 0 0 0 0 0
0 0 0.22876 0 0 0.77124 0 0 0 0
0 0 0.03299 0 0 0.96701 0 0 0 0
0 0 0 0 1 0 0 0 0 0
0 0 0.00046 0 0 0.99954 0 0 0 0
0 0 0.01024 0 0 0.98976 0 0 0 0
0 0 0.80024 0 0 0.19976 0 0 0 0
0 0 0.18202 0 0 0.81798 0 0 0 0
0 0 0.023 0 0 0.977 0 0 0 0
0 0 1e-05 0 0 0.99999 0 0 0 0
0 0 0.06377 0 0 0.93623 0 0 0 0
0 0 0.09146 0 0 0.90854 0 0 0 0
0 0 0.00255 0 0 0.99745 0 0 0 0
0 0 0.03012 0 0 0.96988 0 0 0 0
0 0 0 0 0 0 1 0 0 0
0 0 0 0 0 0 1 0 0 0
0 0 0 0 0 0 1 0 0 0
0 0 0 0 0 0 1 0 0 0
0 0 0 0 0 0 1 0 0 0
0 0 0 0 0 0 1 0 0 0
0 0 0 0 0 0 1 0 0 0
0 0 0 0 0 0 1 0 0 0
0 0 0 0 0 0 1 0 0 0
0 0 0 0 0 0 1 0 0 0
0 0 0.0079 0 0 0.9921 0 0 0 0
0 0 0 0 0 0 0 0 1 0
0 0 0.04802 0 0 0.95198 0 0 0 0
0 0 0.00426 0 0 0.99574 0 0 0 0
0 0 0 0 0 0 0 0 1 0
0 0 0.15244 0 0 0.84756 0 0 0 0
0 0 0.50771 0 0 0.49229 0 0 0 0
0 0 0.93011 0 0 0.06989 0 0 0 0
0 0 0 0 0 0 0 0 1 0
0 0 0 0 0 0 0 0 0 1
0 0 0 0 0 0 0 0 0 1
0 0 0 0 0 0 0 0 0 1
0 0 0 0 0 0 0 0 0 1
0 0 0 0 0 0 0 0 0 1
0 0 0 0 0 0 0 0 0 1
0 0 0 0 0 0 0 0 0 1
0 0 0 0 0 0 0 0 0 1
0 0 0 0 0 0 0 0 0 1
0 0 0 0 0 0 0 0 0 1
0 0 0 0 0.88828 0 0 0 0.11172 0
0 0 0.00096 0 0 0.99904 0 0 0 0
0 0 0.03108 0 0 0.96892 0 0 0 0
0 0 7e-05 0 0 0.99993 0 0 0 0
0 0 0 0 0 1 0 0 0 0
1 0 0 0 0 0 0 0 0 0
0 0 0.93299 0 0.06701 0 0 0 0 0
1 0 0 0 0 0 0 0 0 0
1 0 0 0 0 0 0 0 0 0
0 0 0.00077 0 0 0.99923 0 0 0 0
0 0 0.00098 0 0 0.99902 0 0 0 0
0 0 0.0161 0 0 0.9839 0 0 0 0
0 0 0.05397 0 0 0.94603 0 0 0 0
1 0 0 0 0 0 0 0 0 0
0 0 0.00401 0 0 0.99599 0 0 0 0
0 0 0.00123 0 0 0.99877 0 0 0 0
0 0 0.0012 0 0 0.9988 0 0 0 0
1 0 0 0 0 0 0 0 0 0
0 0 0.00167 0 0.99833 0 0 0 0 0
0 0 0 0 1 0 0 0 0 0
0 0 0.01213 0 0 0.98787 0 0 0 0
0 0 0.14886 0 0 0.85114 0 0 0 0
0 0 0.09971 0 0 0.90029 0 0 0 0
0 0 0.07577 0 0 0.92423 0 0 0 0
0 0 0.00094 0 0 0.99906 0 0 0 0
0 0 0.00159 0 0 0.99841 0 0 0 0
0 0 0.00093 0 0 0.99907 0 0 0 0
0 0 0.70321 0 0 0.29679 0 0 0 0
0 0 0.00858 0 0 0.99142 0 0 0 0
0 0 0.0212 0 0 0.9788 0 0 0 0
0 0 0.99144 0 0 0.00856 0 0 0 0
0 0 0.00514 0 0 0.99486 0 0 0 0
0 0 0.99159 0 0 0.00841 0 0 0 0
0 0 0.11111 0 0 0.88889 0 0 0 0
0 0 0.00034 0 0 0.99966 0 0 0 0
0 0 0 0 0 0 1 0 0 0
0 0 0 0 0 0 1 0 0 0
0 0 0 0 0 0 1 0 0 0
0 0 0 0 0 0 1 0 0 0
0 0 0 0 0 0 1 0 0 0
0 0 0 0 0 0 1 0 0 0
0 0 0 0 0 0 1 0 0 0
0 0 0.00064 0 0 0.99936 0 0 0 0
0 0 0.92804 0 0 0.07196 0 0 0 0
0 0 0.00125 0 0 0.99875 0 0 0 0
0 0 4e-04 0 0 0.9996 0 0 0 0
0 0 0.05066 0 0 0.94934 0 0 0 0
