0 1 0 0 0 0 0 0 0 0 0
0 1 0 0 0 0 0 0 0 0 0
0.99788 0 0 0 0.00212 0 0 0 0 0 0
0 1 0 0 0 0 0 0 0 0 0
0 1 0 0 0 0 0 0 0 0 0
0.05913 0 0 0 0.94087 0 0 0 0 0 0
0.00168 0 0 0 0.99832 0 0 0 0 0 0
1 0 0 0 0 0 0 0 0 0 0
0 1 0 0 0 0 0 0 0 0 0
1 0 0 0 0 0 0 0 0 0 0
0 0.99934 0 0 0 0 0.00066 0 0 0 0
0 1 0 0 0 0 0 0 0 0 0
1 0 0 0 0 0 0 0 0 0 0
0 1 0 0 0 0 0 0 0 0 0
0 0 0 0 0 0 1 0 0 0 0
0 0 0 0 0 0 1 0 0 0 0
0 0 0 0 0 0 1 0 0 0 0
0 0 0 0 0 0 1 0 0 0 0
0 0 0 0 0 0 1 0 0 0 0
0 0 0 0 0 0 1 0 0 0 0
0.01002 0 0 0 0.98998 0 0 0 0 0 0
0 1 0 0 0 0 0 0 0 0 0
0 1 0 0 0 0 0 0 0 0 0
0 1 0 0 0 0 0 0 0 0 0
0 1 0 0 0 0 0 0 0 0 0
0 0 0 0 0 0 1 0 0 0 0
0 0.99981 0 0 0 0 0.00019 0 0 0 0
0 1 0 0 0 0 0 0 0 0 0
0 0 0 0 0 0 1 0 0 0 0
0 0 0 0 0 0 1 0 0 0 0
0 1 0 0 0 0 0 0 0 0 0
0 0 0 0 0 1 0 0 0 0 0
0 0 0 0 0 1 0 0 0 0 0
0 0 0 0 0 0 1 0 0 0 0
0 0 0 0 0 0 1 0 0 0 0
0 0 0 0 0 1 0 0 0 0 0
0 0 0 0 0 1 0 0 0 0 0
0 0 0 0 0 1 0 0 0 0 0
0 0 0 0 0 0 0 0 0 0 1
0 1 0 0 0 0 0 0 0 0 0
0 0 0 0 0 0.99999 0 0 0 0 1e-05
0 0 0 0 0 1 0 0 0 0 0
0 0 0 0 0 1 0 0 0 0 0
0 0 0 0 0 1 0 0 0 0 0
0 0 0 0 0 0.99998 0 0 0 0 2e-05
0 0 0 0 0 0 0 0 0 0 1
0 0 0 0 0 0 1 0 0 0 0
0 0 0 0 0 0 1 0 0 0 0
0 1 0 0 0 0 0 0 0 0 0
0 0 0 0 0 0 1 0 0 0 0
0 0 0 0 0 0 1 0 0 0 0
0 0 0 0 0 0 1 0 0 0 0
1 0 0 0 0 0 0 0 0 0 0
0 0 0 0 0 0 1 0 0 0 0
0 0 0 0 0 0 1 0 0 0 0
1 0 0 0 0 0 0 0 0 0 0
0 0 0 0 0 0 1 0 0 0 0
0 0 0 0 0 0 1 0 0 0 0
0 0 0 0 0 0 1 0 0 0 0
0 0 0 0 0 0 1 0 0 0 0
0 0 0 0 1e-05 0 0.99999 0 0 0 0
0 0 0 0 0 0 1 0 0 0 0
0 1 0 0 0 0 0 0 0 0 0
0 1 0 0 0 0 0 0 0 0 0
0 0 0 0 0 0 1 0 0 0 0
1 0 0 0 0 0 0 0 0 0 0
0.00049 0 0 0 0.99951 0 0 0 0 0 0
1 0 0 0 0 0 0 0 0 0 0
1 0 0 0 0 0 0 0 0 0 0
1 0 0 0 0 0 0 0 0 0 0
1 0 0 0 0 0 0 0 0 0 0
0 0 0 0 0.99889 0 0.00111 0 0 0 0
0 0 0 0 1 0 0 0 0 0 0
1 0 0 0 0 0 0 0 0 0 0
0 0 0 0 0 0 1 0 0 0 0
0 0 0 0 0 0 1 0 0 0 0
1 0 0 0 0 0 0 0 0 0 0
0.98558 0 0 0 0.01442 0 0 0 0 0 0
0 0 0 0 0 0 1 0 0 0 0
0 0 0 0 0 0 1 0 0 0 0
0 0 0 0 0 0 1 0 0 0 0
0.99992 0 0 0 8e-05 0 0 0 0 0 0
0 0 0 0 0 0 1 0 0 0 0
0 0 0 0 0 0 1 0 0 0 0
1 0 0 0 0 0 0 0 0 0 0
0 0 0 0 0 0 1 0 0 0 0
0 1 0 0 0 0 0 0 0 0 0
0 1 0 0 0 0 0 0 0 0 0
0 0 0 0 0 0 0 0 0 0 1
0 1 0 0 0 0 0 0 0 0 0
0 0 0 0 0 0 1 0 0 0 0
0 0 0 0 0 0 0 0 0 0 1
0 1 0 0 0 0 0 0 0 0 0
0 0 0 0 0 1 0 0 0 0 0
0 0 0 0 0 0.00214 0 0 0 0 0.99786
0 0 0 0 0 3e-05 0 0 0 0 0.99997
0 0 0 0 0 1 0 0 0 0 0
0 0 0 0 0 1 0 0 0 0 0
0 0 0 0 0 1 0 0 0 0 0
1 0 0 0 0 0 0 0 0 0 0
0 1 0 0 0 0 0 0 0 0 0
0 0 0 0 1 0 0 0 0 0 0
1 0 0 0 0 0 0 0 0 0 0
0 1 0 0 0 0 0 0 0 0 0
0 1 0 0 0 0 0 0 0 0 0
0 1 0 0 0 0 0 0 0 0 0
0 0 0 0 1 0 0 0 0 0 0
1 0 0 0 0 0 0 0 0 0 0
1 0 0 0 0 0 0 0 0 0 0
0 1 0 0 0 0 0 0 0 0 0
0 0 0 0 1 0 0 0 0 0 0
1 0 0 0 0 0 0 0 0 0 0
0 0 0 0 0 0 1 0 0 0 0
1 0 0 0 0 0 0 0 0 0 0
1 0 0 0 0 0 0 0 0 0 0
0 0 0 0 1 0 0 0 0 0 0
0 0 0 0 1 0 0 0 0 0 0
0 0 0 0 1 0 0 0 0 0 0
0 0 0 0 1 0 0 0 0 0 0
1 0 0 0 0 0 0 0 0 0 0
1 0 0 0 0 0 0 0 0 0 0
1 0 0 0 0 0 0 0 0 0 0
0 0 0 0 0 0 1 0 0 0 0
1 0 0 0 0 0 0 0 0 0 0
1 0 0 0 0 0 0 0 0 0 0
1 0 0 0 0 0 0 0 0 0 0
0 0 0 0 0 0 1 0 0 0 0
1 0 0 0 0 0 0 0 0 0 0
1 0 0 0 0 0 0 0 0 0 0
0.99413 0 0 0 0.00587 0 0 0 0 0 0
1 0 0 0 0 0 0 0 0 0 0
1 0 0 0 0 0 0 0 0 0 0
0 0 0 0 1 0 0 0 0 0 0
0 0 0 0 0 1 0 0 0 0 0
0 0 0 0 0 1 0 0 0 0 0
0 0.012 0 0 0 0 0.988 0 0 0 0
0 0 0 0 0 0 0 0 0 0 1
0 0 0 0 0 0.99999 0 0 0 0 1e-05
0 0 0 0 0 1 0 0 0 0 0
0 0 0 0 0 0 0 0 0 0 1
0 0 0 0 0 0 0 0 0 0 1
0 0 0 0 0 1 0 0 0 0 0
0 0 0 0 0 0 0 0 0 0 1
0 0 0 0 0 0 0 0 0 0 1
0 0 0 0 0 1 0 0 0 0 0
0 0 0 0 0 0 0 0 0 0 1
0 0 0 0 0 1 0 0 0 0 0
0 0 0 0 0 1 0 0 0 0 0
0 0 0 0 0 0 0 0 0 0 1
1 0 0 0 0 0 0 0 0 0 0
0 0 0 0 0 1 0 0 0 0 0
1 0 0 0 0 0 0 0 0 0 0
0 1 0 0 0 0 0 0 0 0 0
1 0 0 0 0 0 0 0 0 0 0
0 1 0 0 0 0 0 0 0 0 0
1 0 0 0 0 0 0 0 0 0 0
1 0 0 0 0 0 0 0 0 0 0
1 0 0 0 0 0 0 0 0 0 0
1 0 0 0 0 0 0 0 0 0 0
1 0 0 0 0 0 0 0 0 0 0
1 0 0 0 0 0 0 0 0 0 0
1 0 0 0 0 0 0 0 0 0 0
0 1 0 0 0 0 0 0 0 0 0
1 0 0 0 0 0 0 0 0 0 0
0 1 0 0 0 0 0 0 0 0 0
0 1 0 0 0 0 0 0 0 0 0
0 1 0 0 0 0 0 0 0 0 0
1 0 0 0 0 0 0 0 0 0 0
1 0 0 0 0 0 0 0 0 0 0
0 0 0 0 1 0 0 0 0 0 0
0 0 0 0 1 0 0 0 0 0 0
0 0 0 0 1 0 0 0 0 0 0
0 0 0 0 0 0 1 0 0 0 0
1 0 0 0 0 0 0 0 0 0 0
0.99999 0 0 0 1e-05 0 0 0 0 0 0
1 0 0 0 0 0 0 0 0 0 0
1 0 0 0 0 0 0 0 0 0 0
0 0 0 0 0.00108 0 0.99892 0 0 0 0
0 0 0 0 1 0 0 0 0 0 0
0 0 0 0 0.99995 0 5e-05 0 0 0 0
1 0 0 0 0 0 0 0 0 0 0
1 0 0 0 0 0 0 0 0 0 0
0 0 0 1 0 0 0 0 0 0 0
0 0 0 1 0 0 0 0 0 0 0
0 0 0 1 0 0 0 0 0 0 0
0 0 0 1 0 0 0 0 0 0 0
0 0 0 1 0 0 0 0 0 0 0
0 0 0 1 0 0 0 0 0 0 0
0 0 0 1 0 0 0 0 0 0 0
0 0 0 1 0 0 0 0 0 0 0
0 0 0 1 0 0 0 0 0 0 0
0 0 0 1 0 0 0 0 0 0 0
0 0 0 1 0 0 0 0 0 0 0
0 0 0 1 0 0 0 0 0 0 0
0 0 0 1 0 0 0 0 0 0 0
0 0 0 1 0 0 0 0 0 0 0
0 0 0 1 0 0 0 0 0 0 0
0 0 0 1 0 0 0 0 0 0 0
0 0 0 1 0 0 0 0 0 0 0
0 0 0 1 0 0 0 0 0 0 0
0 0 0 1 0 0 0 0 0 0 0
0 0 0 1 0 0 0 0 0 0 0
1 0 0 0 0 0 0 0 0 0 0
1 0 0 0 0 0 0 0 0 0 0
1 0 0 0 0 0 0 0 0 0 0
1 0 0 0 0 0 0 0 0 0 0
1 0 0 0 0 0 0 0 0 0 0
1 0 0 0 0 0 0 0 0 0 0
1 0 0 0 0 0 0 0 0 0 0
1 0 0 0 0 0 0 0 0 0 0
1 0 0 0 0 0 0 0 0 0 0
1 0 0 0 0 0 0 0 0 0 0
1 0 0 0 0 0 0 0 0 0 0
1 0 0 0 0 0 0 0 0 0 0
1 0 0 0 0 0 0 0 0 0 0
1 0 0 0 0 0 0 0 0 0 0
1 0 0 0 0 0 0 0 0 0 0
1 0 0 0 0 0 0 0 0 0 0
1 0 0 0 0 0 0 0 0 0 0
1 0 0 0 0 0 0 0 0 0 0
1 0 0 0 0 0 0 0 0 0 0
1 0 0 0 0 0 0 0 0 0 0
0 0 0 0 0 0 0 0 1 0 0
0 0 0 0 0 0 0 0 1 0 0
0 0 0 4e-05 0 0 0 0 0.99996 0 0
0 0 0 0 0 0 0 0 1 0 0
0 0 0 0 0 0 0 0 1 0 0
0 0 0 0 0 0 0 0 1 0 0
0 0 0 5e-05 0 0 0 0 0.99995 0 0
0 0 0 0 0 0 0 0 1 0 0
0 0 0 0 0 0 0 0 1 0 0
0 0 0 0 0 0 0 0 1 0 0
0 0 0 0 0 0 0.00029 0 0.99971 0 0
0 0 0 0 0 0 0 0 1 0 0
0 0 0 0 0 0.00675 0 0 0 0 0.99325
0 0 0 0 0 0 0 0 0 0 1
0 0 0 0 0 0 0 0 0 0 1
0 0 0 0 0 0 0 0 0 0 1
0 0 0 0 0 0 1 0 0 0 0
0 0 0 0 0 0 1 0 0 0 0
0 0 0 0 0 0 1 0 0 0 0
0 0 0 0 1 0 0 0 0 0 0
0.5189 0 0 0 0.4811 0 0 0 0 0 0
0 0 0 0 1 0 0 0 0 0 0
0 0 0 0 1 0 0 0 0 0 0
0 0 0 0 0.99997 0 3e-05 0 0 0 0
0 0 0 0 0.94785 0 0.05215 0 0 0 0
0 0 0 0 0 0 1 0 0 0 0
0 0 0 0 0 0 1 0 0 0 0
0 2e-05 0 0 0 0 0.99998 0 0 0 0
1 0 0 0 0 0 0 0 0 0 0
0 0 0 0 0 0 1 0 0 0 0
0 0 0 0 0 0 1 0 0 0 0
0 1 0 0 0 0 0 0 0 0 0
0 0.99999 0 0 0 0 1e-05 0 0 0 0
0 0 0 0 0 0 1 0 0 0 0
0 1 0 0 0 0 0 0 0 0 0
0 0 0 0 0 1 0 0 0 0 0
0 0 0 0 0 0 1 0 0 0 0
0 0 0 0 0 0 0 0 0 0 1
0 0 0 0 0 0 1 0 0 0 0
0 0 0 0 0 0 1 0 0 0 0
0 0 0 0 0 0 1 0 0 0 0
0 0 0 0 0 0 0.89444 0 0.10556 0 0
0 0 0 0 0 0 1 0 0 0 0
0 0 0 0 0 0 1 0 0 0 0
0 0 0 0 0 0 1 0 0 0 0
0 0 0 0 1 0 0 0 0 0 0
0 0 0 0 0 0 1 0 0 0 0
0 0 0 0 0 0 1 0 0 0 0
0 0 0 0 0 0 1 0 0 0 0
0 0 0 0 0 0 1 0 0 0 0
0 0 0 0 1 0 0 0 0 0 0
0 0 0 0 0.97402 0 0.02598 0 0 0 0
0 0 0 0 0 0 1 0 0 0 0
0 0 0 0 0 0 2e-04 0 0 0 0.9998
0 0 0 0 0 1 0 0 0 0 0
0 0 0 0 0 0 0 0 0 0 1
0 0 0 0 0 1 0 0 0 0 0
0 0 0 0 0 0 0 0 0 0 1
0 0 0 0 0 0 1 0 0 0 0
0 0 0 0 0 0 0 0 0 0 1
0 0 0 0 0 0.00017 0 0 0 0 0.99983
0 0 0 0 0 0 1 0 0 0 0
0 0 0 0 0 0 0 0 0 0 1
0 0 0 0 0 0 0 0 0 0 1
0 0 0 0 0 0 0 0 0 0 1
0 0 0 0 0 0.00018 0 0 0 0 0.99982
0 0 0 0 0 0.99643 0 0 0 0 0.00357
0 0 0 0 0 0 1 0 0 0 0
0 1 0 0 0 0 0 0 0 0 0
0 1 0 0 0 0 0 0 0 0 0
0 0 0 0 0 0 1 0 0 0 0
0 0 0 0 0 0 1 0 0 0 0
0 0 0 0 1 0 0 0 0 0 0
0 0 0 0 1 0 0 0 0 0 0
0 0 0 0 0 0 1 0 0 0 0
0 0 0 0 0 0 1 0 0 0 0
0 0 0 0 0 0 1 0 0 0 0
0 0 0 0 0 0 1 0 0 0 0
0 0 0 0 0 0 1 0 0 0 0
0 0 0 0 0 0 0 0 1 0 0
0 0 0 0 0 0 0 0 1 0 0
0 0 0 0 0 0 0 0 1 0 0
0 0 0 0 0 0 0 0 1 0 0
0 0 0 0 0 0 0 0 1 0 0
0 0 0 0 1 0 0 0 0 0 0
0 0 0 0 0.99998 0 2e-05 0 0 0 0
0 0 0 0 1 0 0 0 0 0 0
0 0 0 0 0 0 1 0 0 0 0
0 0 0 0 1 0 0 0 0 0 0
0 0 0 0 1 0 0 0 0 0 0
0 0 0 0 1 0 0 0 0 0 0
0 0 0 0 0 0 1 0 0 0 0
0 0 0 0 0 0 1 0 0 0 0
0 0 0 0 0 0 1 0 0 0 0
0 0 0 0 0 0 1 0 0 0 0
0 0 0 0 0 0 1 0 0 0 0
0 0 0 0 0 0 1 0 0 0 0
0 0 0.99772 0 0 0 0 0 0 0.00228 0
0 0 0 0 0 0 0.40808 0 0.59192 0 0
0 0 0.76132 0 0 0 0 0 0 0.23868 0
0 0 0.23286 0 0 0 0 0 0 0.76714 0
0 0 0.99684 0 0 0 0 0 0 0.00316 0
0 0 0.97647 0 0 0 0 0 0 0.02353 0
0 0 0.99574 0 0 0 0 0 0 0.00426 0
0 0 0.99646 0 0 0 0 0 0 0.00354 0
0 0 0.98698 0 0 0 0 0 0 0.01302 0
0 0 0 0 0 1 0 0 0 0 0
0 0 0 0 0 0 0 0 0 0 1
0 0 0 0 0 0 1 0 0 0 0
0 0 0 0 0 0 1 0 0 0 0
0 0 0 0 0 0 1 0 0 0 0
0 0 0 0 0 1 0 0 0 0 0
0 0 0 0 0 0 1 0 0 0 0
0 0 0 0 0 0.99998 0 0 0 0 2e-05
0 0 0 0 0 0 1 0 0 0 0
0 0 0 0 0 0 1 0 0 0 0
0 0 0 0 0 0.40004 0 0 0 0 0.59996
0 0 0.67302 0 0 0 0 0 0 0.32698 0
0 0 0 0 0 1 0 0 0 0 0
0 0 0 0 0 1 0 0 0 0 0
0 0 0 0 0 0.99992 0 0 0 0 8e-05
0 0 0 0 0 1 0 0 0 0 0
0 0 0.98464 0 0 0 0 0 0 0.01536 0
0 0 0 0 0 1 0 0 0 0 0
0 0 0 0 0 0 0 0 0 0 1
0 0 0.52735 0 0 0 0 0 0 0.47265 0
0 0 0 0 0 1 0 0 0 0 0
0 0 0 0 0 0 0 1 0 0 0
0 0 0 0 0 0 0 1 0 0 0
0 0 0 0 0 0 0 1 0 0 0
0 0 0 0 0 0 0 1 0 0 0
0 0 0 0 0 0 0 1 0 0 0
0 0 0 0 0 0 0 1 0 0 0
0 0 0 0 0 0 0 1 0 0 0
0 0 0 0 0 0 0 1 0 0 0
0 0 0 0 0 0 0 1 0 0 0
0 0 0 0 0 0 0 1 0 0 0
0 0 0 0 0 0 0 0 1 0 0
0 0 0 1 0 0 0 0 0 0 0
0 0 0 1 0 0 0 0 0 0 0
0 0 0 1 0 0 0 0 0 0 0
0 0 0 1 0 0 0 0 0 0 0
0 0 0 1 0 0 0 0 0 0 0
0 0 0 1 0 0 0 0 0 0 0
0 0 0 1 0 0 0 0 0 0 0
0 0 0 1 0 0 0 0 0 0 0
0 0 0 0 0 0 0 1 0 0 0
0 0 0.99406 0 0 0 0 0 0 0.00594 0
0 0 0.23375 0 0 0 0 0 0 0.76625 0
0 0 0.99783 0 0 0 0 0 0 0.00217 0
0 0 0.99068 0 0 0 0 0 0 0.00932 0
0 0 0.98696 0 0 0 0 0 0 0.01304 0
0 0 0.7805 0 0 0 0 0 0 0.2195 0
0 0 0.992 0 0 0 0 0 0 0.008 0
0 0 0.9941 0 0 0 0 0 0 0.0059 0
0 0 0.99928 0 0 0 0 0 0 0.00072 0
0 0 0.99397 0 0 0 0 0 0 0.00603 0
0 0 0.95882 0 0 0 0 0 0 0.04118 0
0 0 0.99537 0 0 0 0 0 0 0.00463 0
0 0 0.9926 0 0 0 0 0 0 0.0074 0
0 0 0.97453 0 0 0 0 0 0 0.02547 0
0 0 0.99922 0 0 0 0 0 0 0.00078 0
0 0 0.50093 0 0 0 0 0 0 0.49907 0
0 0 0.33908 0 0 0 0 0 0 0.66092 0
0 0 0.99634 0 0 0 0 0 0 0.00366 0
0 0 0 0.09606 0 0 0 0 0.90394 0 0
0 0 0 1 0 0 0 0 0 0 0
0 0 0 1 0 0 0 0 0 0 0
0 0 0 1 0 0 0 0 0 0 0
0 0 0 0.99983 0 0 0 0 0.00017 0 0
0 0 0 1 0 0 0 0 0 0 0
0 0 0 1 0 0 0 0 0 0 0
0 0 0 1 0 0 0 0 0 0 0
0 0 0 1 0 0 0 0 0 0 0
0 0 0 1 0 0 0 0 0 0 0
0 0 0.90062 0 0 0 0 0 0 0.09938 0
0 0 0.00062 0 0 0 0 0 0 0.99938 0
0 0 0.99975 0 0 0 0 0 0 0.00025 0
0 0 0.06157 0 0 0 0 0 0 0.93843 0
0 0 0.98585 0 0 0 0 0 0 0.01415 0
0 0 0.99581 0 0 0 0 0 0 0.00419 0
0 0 0.98556 0 0 0 0 0 0 0.01444 0
0 0 0.99611 0 0 0 0 0 0 0.00389 0
0 0 0.77243 0 0 0 0 0 0 0.22757 0
0 0 0.89586 0 0 0 0 0 0 0.10414 0
0 0 0.98225 0 0 0 0 0 0 0.01775 0
0 0 0.98999 0 0 0 0 0 0 0.01001 0
0 0 0.98144 0 0 0 0 0 0 0.01856 0
0 0 0.9975 0 0 0 0 0 0 0.0025 0
0 0 0.9606 0 0 0 0 0 0 0.0394 0
0 0 7e-04 0 0 0 0 0 0 0.9993 0
0 0 0.99881 0 0 0 0 0 0 0.00119 0
0 0 0.99729 0 0 0 0 0 0 0.00271 0
0 0 0.99911 0 0 0 0 0 0 0.00089 0
0 0 0.99611 0 0 0 0 0 0 0.00389 0
0 0 0.99974 0 0 0 0 0 0 0.00026 0
0 0 0.99907 0 0 0 0 0 0 0.00093 0
0 0 0.99938 0 0 0 0 0 0 0.00062 0
0 0 0.97734 0 0 0 0 0 0 0.02266 0
0 0 0.94757 0 0 0 0 0 0 0.05243 0
0 0 0.99934 0 0 0 0 0 0 0.00066 0
0 0 0.99798 0 0 0 0 0 0 0.00202 0
0 0 0.96591 0 0 0 0 0 0 0.03409 0
0 0 0.99843 0 0 0 0 0 0 0.00157 0
0 0 0 0 0 0 0 0 0 0 1
0 0 0.99874 0 0 0 0 0 0 0.00126 0
0 0 0 0 0 1 0 0 0 0 0
0 0 0.99941 0 0 0 0 0 0 0.00059 0
0 0 0 0 0 1 0 0 0 0 0
0 0 0.99977 0 0 0 0 0 0 0.00023 0
0 0 0.99954 0 0 0 0 0 0 0.00046 0
0 0 0.99928 0 0 0 0 0 0 0.00072 0
0 0 0.99798 0 0 0 0 0 0 0.00202 0
0 0 0.99975 0 0 0 0 0 0 0.00025 0
0 0 0.99985 0 0 0 0 0 0 0.00015 0
0 0 0.99959 0 0 0 0 0 0 0.00041 0
0 0 0.99996 0 0 0 0 0 0 4e-05 0
0 0 0 0 0 0 0 0 0 1 0
0 0 0.99988 0 0 0 0 0 0 0.00012 0
0 0 0.99964 0 0 0 0 0 0 0.00036 0
0 0 0.97639 0 0 0 0 0 0 0.02361 0
0 0 0.98528 0 0 0 0 0 0 0.01472 0
0 0 0.99606 0 0 0 0 0 0 0.00394 0
0 0 0 0.99024 0 0 0 0 0.00976 0 0
0 0 0 0.93921 0 0 0 0 0.06079 0 0
0 0 0 0.90183 0 0 0 0 0.09817 0 0
0 0 0 0.15357 0 0 0 0 0.84643 0 0
0 0 0 0.02613 0 0 0 0 0.97387 0 0
0 0 0 0.97439 0 0 0 0 0.02561 0 0
0 0 0.90002 0 0 0 0 0 0 0.09998 0
0 0 0 0 0 0 0 0 1 0 0
0 0 0 0 0 0 0 0 1 0 0
0 0 0 0 0 0 0 0 1 0 0
0 0 0 0 0 0 0 0 1 0 0
0 0 0 0 0 0 0 0 1 0 0
0 0 0 0 0 0 0 0 1 0 0
0 0 0 0 0 0 0 0 1 0 0
0 0 0 0 0 0 0 0 1 0 0
0 0 0.31537 0 0 0 0 0 0 0.68463 0
0 0 1 0 0 0 0 0 0 0 0
0 0 0.99892 0 0 0 0 0 0 0.00108 0
0 0 0.99992 0 0 0 0 0 0 8e-05 0
0 0 0.99995 0 0 0 0 0 0 5e-05 0
0 0 0.99995 0 0 0 0 0 0 5e-05 0
0 0 0 0 0 1 0 0 0 0 0
0 0 0 0 0 0 0 0 1 0 0
0 0 0.08596 0 0 0 0 0 0 0.91404 0
0 0 0.99843 0 0 0 0 0 0 0.00157 0
0 0 0 0 0 1 0 0 0 0 0
0 0 0 0 0 1 0 0 0 0 0
0 0 0 0 0 1 0 0 0 0 0
0 0 0 0 0 0.99999 0 0 0 0 1e-05
0 0 0 0 0 1 0 0 0 0 0
0 0 0 0 0 1 0 0 0 0 0
0 0 0 0 0 0 0 1 0 0 0
0 0 0 0 0 0 0 1 0 0 0
0 0 0 0 0 0 0 1 0 0 0
0 0 0 0 0 0 0 1 0 0 0
0 0 0 0 0 0 0 1 0 0 0
0 0 0 0 0 0 0 1 0 0 0
0 0 0 0 0 0 0 1 0 0 0
0 0 0 0 0 0 0 1 0 0 0
0 0 0 0 0 0 0 1 0 0 0
0 0 0 0 0 0 0 1 0 0 0
0 0 0.98113 0 0 0 0 0 0 0.01887 0
0 0 0.99965 0 0 0 0 0 0 0.00035 0
0 0 0.99966 0 0 0 0 0 0 0.00034 0
0 0 0 0 0 0 1 0 0 0 0
0 0 0.99814 0 0 0 0 0 0 0.00186 0
0 0 0.00084 0 0 0 0 0 0 0.99916 0
0 0 0 0 0 0 1 0 0 0 0
0 0 0.95662 0 0 0 0 0 0 0.04338 0
0 0 0 0 0 0 1 0 0 0 0
0 0 0.84877 0 0 0 0 0 0 0.15123 0
0 0 0.99998 0 0 0 0 0 0 2e-05 0
0 0 0.99935 0 0 0 0 0 0 0.00065 0
0 0 0.99997 0 0 0 0 0 0 3e-05 0
0 0 0.99769 0 0 0 0 0 0 0.00231 0
0 0 0.99946 0 0 0 0 0 0 0.00054 0
0 0 0.99977 0 0 0 0 0 0 0.00023 0
0 0 0.99914 0 0 0 0 0 0 0.00086 0
0 0 0.98012 0 0 0 0 0 0 0.01988 0
0 0 0.98875 0 0 0 0 0 0 0.01125 0
0 0 0.99466 0 0 0 0 0 0 0.00534 0
0 0 0.96057 0 0 0 0 0 0 0.03943 0
0 0 0.52634 0 0 0 0 0 0 0.47366 0
0 0 0.95189 0 0 0 0 0 0 0.04811 0
0 0 0.3967 0 0 0 0 0 0 0.6033 0
0 0 0.96753 0 0 0 0 0 0 0.03247 0
0 0 0.99998 0 0 0 0 0 0 2e-05 0
0 0 0.99997 0 0 0 0 0 0 3e-05 0
0 0 0.99461 0 0 0 0 0 0 0.00539 0
0 0 0.74365 0 0 0 0 0 0 0.25635 0
0 0 0.09298 0 0 0 0 0 0 0.90702 0
0 0 0.98706 0 0 0 0 0 0 0.01294 0
0 0 0.9931 0 0 0 0 0 0 0.0069 0
0 0 0.99833 0 0 0 0 0 0 0.00167 0
0 0 0.4197 0 0 0 0 0 0 0.5803 0
0 0 0.95888 0 0 0 0 0 0 0.04112 0
0 0 0.03263 0 0 0 0 0 0 0.96737 0
0 0 0.96256 0 0 0 0 0 0 0.03744 0
0 0 0 1 0 0 0 0 0 0 0
0 0 0 1 0 0 0 0 0 0 0
0 0 0 1 0 0 0 0 0 0 0
0 0 0 1 0 0 0 0 0 0 0
0 0 0 1 0 0 0 0 0 0 0
0 0 0 1 0 0 0 0 0 0 0
0 0 0 1 0 0 0 0 0 0 0
0 0 0 1 0 0 0 0 0 0 0
0 0 0 1 0 0 0 0 0 0 0
0 0 0 1 0 0 0 0 0 0 0
0 0 0.99965 0 0 0 0 0 0 0.00035 0
0 0 0.99861 0 0 0 0 0 0 0.00139 0
0 0 0.99871 0 0 0 0 0 0 0.00129 0
0 0 0.99948 0 0 0 0 0 0 0.00052 0
0 0 0.99887 0 0 0 0 0 0 0.00113 0
0 0 0.99963 0 0 0 0 0 0 0.00037 0
0 0 0.99989 0 0 0 0 0 0 0.00011 0
0 0 0.99996 0 0 0 0 0 0 4e-05 0
0 0 0.99926 0 0 0 0 0 0 0.00074 0
0 0 0 0 0 0 0 1 0 0 0
0 0 0 0 0 0 0 1 0 0 0
0 0 0 0 0 0 0 1 0 0 0
0 0 0 0 0 0 0 1 0 0 0
0 0 0 0 0 0 0 1 0 0 0
0 0 0 0 0 0 0 1 0 0 0
0 0 0 0 0 0 0 1 0 0 0
0 0 0 0 0 0 0 1 0 0 0
0 0 0 0 0 0 0 1 0 0 0
0 0 0 0 0 0 0 1 0 0 0
0 0 0 1 0 0 0 0 0 0 0
0 0 0 0.89084 0 0 0 0 0.10916 0 0
0 0 0 0 0 0 0 0 1 0 0
0 0 0 1 0 0 0 0 0 0 0
0 0 0 1 0 0 0 0 0 0 0
0 0 0 0.98069 0 0 0 0 0.01931 0 0
0 0 0.99699 0 0 0 0 0 0 0.00301 0
0 0 0 0.99994 0 0 0 0 6e-05 0 0
0 0 0 1 0 0 0 0 0 0 0
0 0 0 1 0 0 0 0 0 0 0
0 0 0 1 0 0 0 0 0 0 0
0 0 0 0.99991 0 0 0 0 9e-05 0 0
0 0 0 0.00185 0 0 0 0 0.99815 0 0
0 0 0 1 0 0 0 0 0 0 0
0 0 0.99788 0 0 0 0 0 0 0.00212 0
0 0 0.99145 0 0 0 0 0 0 0.00855 0
0 0 0 1 0 0 0 0 0 0 0
0 0 0 0.99998 0 0 0 0 2e-05 0 0
0 0 0.31445 0 0 0 0 0 0 0.68555 0
0 0 0 1 0 0 0 0 0 0 0
0 0 0.30725 0 0 0 0 0 0 0.69275 0
0 0 0.91619 0 0 0 0 0 0 0.08381 0
0 0 0 0 0 0 1 0 0 0 0
0 0 0 0.00267 0 0 0 0 0.99733 0 0
0 0 0 0 0 0 1 0 0 0 0
0 0 0 0 0 0 1 0 0 0 0
0 0 0.94449 0 0 0 0 0 0 0.05551 0
0 0 0.47468 0 0 0 0 0 0 0.52532 0
0 0 0.95751 0 0 0 0 0 0 0.04249 0
0 0 0.4732 0 0 0 0 0 0 0.5268 0
0 0 1e-05 0 0 0 0 0 0 0.99999 0
0 0 0 0 0 0 0 0 0 1 0
0 0 0.99794 0 0 0 0 0 0 0.00206 0
0 0 0.99232 0 0 0 0 0 0 0.00768 0
0 0 0.99703 0 0 0 0 0 0 0.00297 0
0 0 0.95747 0 0 0 0 0 0 0.04253 0
0 0 0 0.97289 0 0 0 0 0.02711 0 0
0 0 0 0.00095 0 0 0 0 0.99905 0 0
0 0 0 0 0 0 0 0 1 0 0
0 0 0 0 0 0 0 0 1 0 0
0 0 0 0.00582 0 0 0 0 0.99418 0 0
0 0 0 0.99584 0 0 0 0 0.00416 0 0
0 0 0 0.99165 0 0 0 0 0.00835 0 0
0 0 0 0.01689 0 0 0 0 0.98311 0 0
0 0 0 0.99936 0 0 0 0 0.00064 0 0
0 0 0 0.99987 0 0 0 0 0.00013 0 0
0 0 0.17631 0 0 0 0 0 0 0.82369 0
0 0 0.99404 0 0 0 0 0 0 0.00596 0
0 0 0.97695 0 0 0 0 0 0 0.02305 0
0 0 0 0 0 0 1 0 0 0 0
0 0 0.93371 0 0 0 0 0 0 0.06629 0
0 0 0.85454 0 0 0 0 0 0 0.14546 0
0 0 0 0 0 0 1 0 0 0 0
0 0 0 0 0 0 1 0 0 0 0
0 0 0.77288 0 0 0 0 0 0 0.22712 0
0 0 0.96601 0 0 0 0 0 0 0.03399 0
0 0 0 0 0 0 1 0 0 0 0
0 0 0.99953 0 0 0 0 0 0 0.00047 0
0 0 0.98965 0 0 0 0 0 0 0.01035 0
0 0 0.20427 0 0 0 0 0 0 0.79573 0
0 0 0.82084 0 0 0 0 0 0 0.17916 0
0 0 0.97712 0 0 0 0 0 0 0.02288 0
0 0 0.99998 0 0 0 0 0 0 2e-05 0
0 0 0.93754 0 0 0 0 0 0 0.06246 0
0 0 0.90897 0 0 0 0 0 0 0.09103 0
0 0 0.9974 0 0 0 0 0 0 0.0026 0
0 0 0.97026 0 0 0 0 0 0 0.02974 0
0 0 0 0 0 0 0 1 0 0 0
0 0 0 0 0 0 0 1 0 0 0
0 0 0 0 0 0 0 1 0 0 0
0 0 0 0 0 0 0 1 0 0 0
0 0 0 0 0 0 0 1 0 0 0
0 0 0 0 0 0 0 1 0 0 0
0 0 0 0 0 0 0 1 0 0 0
0 0 0 0 0 0 0 1 0 0 0
0 0 0 0 0 0 0 1 0 0 0
0 0 0 0 0 0 0 1 0 0 0
0 0 0.99179 0 0 0 0 0 0 0.00821 0
0 0 0 0 0 0 0 0 1 0 0
0 0 0.95173 0 0 0 0 0 0 0.04827 0
0 0 0.99557 0 0 0 0 0 0 0.00443 0
0 0 0 0 0 0 0 0 1 0 0
0 0 0.84937 0 0 0 0 0 0 0.15063 0
0 0 0.4972 0 0 0 0 0 0 0.5028 0
0 0 0.07018 0 0 0 0 0 0 0.92982 0
0 0 0 0 0 0 0 0 1 0 0
0 0 0 1 0 0 0 0 0 0 0
0 0 0 1 0 0 0 0 0 0 0
0 0 0 1 0 0 0 0 0 0 0
0 0 0 1 0 0 0 0 0 0 0
0 0 0 1 0 0 0 0 0 0 0
0 0 0 1 0 0 0 0 0 0 0
0 0 0 1 0 0 0 0 0 0 0
0 0 0 1 0 0 0 0 0 0 0
0 0 0 1 0 0 0 0 0 0 0
0 0 0 1 0 0 0 0 0 0 0
0 0 0 0 0 0 0.71185 0 0.28815 0 0
0 0 0.99903 0 0 0 0 0 0 0.00097 0
0 0 0.96948 0 0 0 0 0 0 0.03052 0
0 0 0.99993 0 0 0 0 0 0 7e-05 0
0 0 1 0 0 0 0 0 0 0 0
0 0 0 0 0 1 0 0 0 0 0
0 0 0 0 0 0 0.00087 0 0 0.99908 5e-05
0 0 0 0 0 1 0 0 0 0 0
0 0 0 0 0 1 0 0 0 0 0
0 0 0.99923 0 0 0 0 0 0 0.00077 0
0 0 0.99895 0 0 0 0 0 0 0.00105 0
0 0 0.98349 0 0 0 0 0 0 0.01651 0
0 0 0.94353 0 0 0 0 0 0 0.05647 0
0 0 0 0 0 1 0 0 0 0 0
0 0 0.99592 0 0 0 0 0 0 0.00408 0
0 0 0.99872 0 0 0 0 0 0 0.00128 0
0 0 0.9988 0 0 0 0 0 0 0.0012 0
0 0 0 0 0 1 0 0 0 0 0
0 0 0 0 0 0 0 0 0 0 1
0 0 0 0 0 0 1 0 0 0 0
0 0 0.98786 0 0 0 0 0 0 0.01214 0
0 0 0.85459 0 0 0 0 0 0 0.14541 0
0 0 0.9018 0 0 0 0 0 0 0.0982 0
0 0 0.92314 0 0 0 0 0 0 0.07686 0
0 0 0.99904 0 0 0 0 0 0 0.00096 0
0 0 0.99842 0 0 0 0 0 0 0.00158 0
0 0 0.99906 0 0 0 0 0 0 0.00094 0
0 0 0.31045 0 0 0 0 0 0 0.68955 0
0 0 0.99104 0 0 0 0 0 0 0.00896 0
0 0 0.97781 0 0 0 0 0 0 0.02219 0
0 0 0.00917 0 0 0 0 0 0 0.99083 0
0 0 0.9949 0 0 0 0 0 0 0.0051 0
0 0 0.00867 0 0 0 0 0 0 0.99133 0
0 0 0.88677 0 0 0 0 0 0 0.11323 0
0 0 0.99965 0 0 0 0 0 0 0.00035 0
0 0 0 0 0 0 0 1 0 0 0
0 0 0 0 0 0 0 1 0 0 0
0 0 0 0 0 0 0 1 0 0 0
0 0 0 0 0 0 0 1 0 0 0
0 0 0 0 0 0 0 1 0 0 0
0 0 0 0 0 0 0 1 0 0 0
0 0 0 0 0 0 0 1 0 0 0
0 0 0.99935 0 0 0 0 0 0 0.00065 0
0 0 0.07567 0 0 0 0 0 0 0.92433 0
0 0 0.99872 0 0 0 0 0 0 0.00128 0
0 0 0.99958 0 0 0 0 0 0 0.00042 0
0 0 0.95011 0 0 0 0 0 0 0.04989 0
