param,mean,median,ci_0.950_LB,ci_0.950_UB
q_ind_0_pop_0,0.999939,1.000000,0.999309,1.000000
q_ind_1_pop_0,0.999969,1.000000,0.999660,1.000000
q_ind_2_pop_0,0.999904,1.000000,0.998936,1.000000
q_ind_3_pop_0,0.999911,1.000000,0.998979,1.000000
q_ind_4_pop_0,0.999970,1.000000,0.999682,1.000000
q_ind_5_pop_0,0.999966,1.000000,0.999631,1.000000
q_ind_6_pop_0,0.999969,1.000000,0.999663,1.000000
q_ind_7_pop_0,0.999967,1.000000,0.999630,1.000000
q_ind_8_pop_0,0.999949,1.000000,0.999385,1.000000
q_ind_9_pop_0,0.999964,1.000000,0.999590,1.000000
q_ind_10_pop_0,0.993448,0.993579,0.987398,0.999561
q_ind_11_pop_0,0.999961,1.000000,0.999530,1.000000
q_ind_12_pop_0,0.999977,1.000000,0.999748,1.000000
q_ind_13_pop_0,0.999959,1.000000,0.999553,1.000000
q_ind_14_pop_0,0.994073,0.995295,0.980150,1.000000
q_ind_15_pop_0,0.998392,0.999995,0.989548,1.000000
q_ind_16_pop_0,0.988936,0.989192,0.976685,1.000000
q_ind_17_pop_0,0.997792,0.999988,0.986166,1.000000
q_ind_18_pop_0,0.998618,1.000000,0.985207,1.000000
q_ind_19_pop_0,0.999103,1.000000,0.991105,1.000000
q_ind_20_pop_0,0.999963,1.000000,0.999569,1.000000
q_ind_21_pop_0,0.999963,1.000000,0.999604,1.000000
q_ind_22_pop_0,0.999966,1.000000,0.999608,1.000000
q_ind_23_pop_0,0.999968,1.000000,0.999640,1.000000
q_ind_24_pop_0,0.999967,1.000000,0.999617,1.000000
q_ind_25_pop_0,0.999896,1.000000,0.998776,1.000000
q_ind_26_pop_0,0.999732,1.000000,0.997262,1.000000
q_ind_27_pop_0,0.999963,1.000000,0.999593,1.000000
q_ind_28_pop_0,0.999791,1.000000,0.997491,1.000000
q_ind_29_pop_0,0.999897,1.000000,0.998869,1.000000
q_ind_30_pop_0,0.999954,1.000000,0.999486,1.000000
q_ind_31_pop_0,0.999973,1.000000,0.999695,1.000000
q_ind_32_pop_0,0.999974,1.000000,0.999703,1.000000
q_ind_33_pop_0,0.999733,1.000000,0.997075,1.000000
q_ind_34_pop_0,0.999771,1.000000,0.997507,1.000000
q_ind_35_pop_0,0.999973,1.000000,0.999708,1.000000
q_ind_36_pop_0,0.999970,1.000000,0.999668,1.000000
q_ind_37_pop_0,0.999969,1.000000,0.999641,1.000000
q_ind_38_pop_0,0.999913,1.000000,0.999030,1.000000
q_ind_39_pop_0,0.999973,1.000000,0.999706,1.000000
q_ind_40_pop_0,0.999970,1.000000,0.999666,1.000000
q_ind_41_pop_0,0.999977,1.000000,0.999744,1.000000
q_ind_42_pop_0,0.999976,1.000000,0.999740,1.000000
q_ind_43_pop_0,0.999980,1.000000,0.999767,1.000000
q_ind_44_pop_0,0.999965,1.000000,0.999607,1.000000
q_ind_45_pop_0,0.999946,1.000000,0.999382,1.000000
q_ind_46_pop_0,0.935863,0.935987,0.919839,0.950825
q_ind_47_pop_0,0.931116,0.931251,0.915014,0.946136
q_ind_48_pop_0,0.999974,1.000000,0.999704,1.000000
q_ind_49_pop_0,0.927678,0.927860,0.911687,0.942841
q_ind_50_pop_0,0.934632,0.934831,0.917001,0.950863
q_ind_51_pop_0,0.937205,0.937407,0.920299,0.953015
q_ind_52_pop_0,0.999980,1.000000,0.999782,1.000000
q_ind_53_pop_0,0.973041,0.973196,0.960662,0.984295
q_ind_54_pop_0,0.977889,0.978087,0.966368,0.988099
q_ind_55_pop_0,0.999976,1.000000,0.999736,1.000000
q_ind_56_pop_0,0.975739,0.976010,0.964212,0.986016
q_ind_57_pop_0,0.973524,0.973691,0.961559,0.984529
q_ind_58_pop_0,0.982021,0.982253,0.970731,0.992210
q_ind_59_pop_0,0.977236,0.977425,0.965111,0.988165
q_ind_60_pop_0,0.975402,0.975700,0.963891,0.985429
q_ind_61_pop_0,0.999840,1.000000,0.998095,1.000000
q_ind_62_pop_0,0.999938,1.000000,0.999270,1.000000
q_ind_63_pop_0,0.999949,1.000000,0.999435,1.000000
q_ind_64_pop_0,0.974776,0.975431,0.953118,0.993910
q_ind_65_pop_0,0.999979,1.000000,0.999769,1.000000
q_ind_66_pop_0,0.999971,1.000000,0.999671,1.000000
q_ind_67_pop_0,0.999983,1.000000,0.999815,1.000000
q_ind_68_pop_0,0.999983,1.000000,0.999813,1.000000
q_ind_69_pop_0,0.999978,1.000000,0.999760,1.000000
q_ind_70_pop_0,0.999979,1.000000,0.999761,1.000000
q_ind_71_pop_0,0.999892,1.000000,0.998745,1.000000
q_ind_72_pop_0,0.999969,1.000000,0.999654,1.000000
q_ind_73_pop_0,0.999979,1.000000,0.999772,1.000000
q_ind_74_pop_0,0.948287,0.948538,0.926019,0.968854
q_ind_75_pop_0,0.944842,0.945117,0.927823,0.960834
q_ind_76_pop_0,0.999962,1.000000,0.999564,1.000000
q_ind_77_pop_0,0.999814,1.000000,0.997913,1.000000
q_ind_78_pop_0,0.982742,0.983107,0.969886,0.993469
q_ind_79_pop_0,0.995754,0.999908,0.976367,1.000000
q_ind_80_pop_0,0.959993,0.960236,0.943461,0.974680
q_ind_81_pop_0,0.999959,1.000000,0.999522,1.000000
q_ind_82_pop_0,0.996083,0.999145,0.982653,1.000000
q_ind_83_pop_0,0.999259,1.000000,0.992195,1.000000
q_ind_84_pop_0,0.999973,1.000000,0.999700,1.000000
q_ind_85_pop_0,0.961817,0.962102,0.943713,0.978162
q_ind_86_pop_0,0.999950,1.000000,0.999424,1.000000
q_ind_87_pop_0,0.999971,1.000000,0.999680,1.000000
q_ind_88_pop_0,0.999939,1.000000,0.999278,1.000000
q_ind_89_pop_0,0.999963,1.000000,0.999572,1.000000
q_ind_90_pop_0,0.999916,1.000000,0.999025,1.000000
q_ind_91_pop_0,0.999952,1.000000,0.999466,1.000000
q_ind_92_pop_0,0.999962,1.000000,0.999554,1.000000
q_ind_93_pop_0,0.999970,1.000000,0.999680,1.000000
q_ind_94_pop_0,0.999962,1.000000,0.999575,1.000000
q_ind_95_pop_0,0.999967,1.000000,0.999620,1.000000
q_ind_96_pop_0,0.999965,1.000000,0.999599,1.000000
q_ind_97_pop_0,0.999976,1.000000,0.999737,1.000000
q_ind_98_pop_0,0.999971,1.000000,0.999671,1.000000
q_ind_99_pop_0,0.999983,1.000000,0.999813,1.000000
q_ind_100_pop_0,0.999971,1.000000,0.999660,1.000000
q_ind_101_pop_0,0.999965,1.000000,0.999612,1.000000
q_ind_102_pop_0,0.999980,1.000000,0.999767,1.000000
q_ind_103_pop_0,0.999926,1.000000,0.999193,1.000000
q_ind_104_pop_0,0.999972,1.000000,0.999687,1.000000
q_ind_105_pop_0,0.999956,1.000000,0.999495,1.000000
q_ind_106_pop_0,0.999957,1.000000,0.999542,1.000000
q_ind_107_pop_0,0.999981,1.000000,0.999791,1.000000
q_ind_108_pop_0,0.999977,1.000000,0.999741,1.000000
q_ind_109_pop_0,0.999967,1.000000,0.999636,1.000000
q_ind_110_pop_0,0.999964,1.000000,0.999588,1.000000
q_ind_111_pop_0,0.999982,1.000000,0.999810,1.000000
q_ind_112_pop_0,0.935669,0.935839,0.919295,0.951030
q_ind_113_pop_0,0.999979,1.000000,0.999786,1.000000
q_ind_114_pop_0,0.999982,1.000000,0.999807,1.000000
q_ind_115_pop_0,0.999968,1.000000,0.999642,1.000000
q_ind_116_pop_0,0.999949,1.000000,0.999429,1.000000
q_ind_117_pop_0,0.999945,1.000000,0.999389,1.000000
q_ind_118_pop_0,0.999958,1.000000,0.999549,1.000000
q_ind_119_pop_0,0.999977,1.000000,0.999742,1.000000
q_ind_120_pop_0,0.999982,1.000000,0.999798,1.000000
q_ind_121_pop_0,0.999974,1.000000,0.999704,1.000000
q_ind_122_pop_0,0.949688,0.949886,0.931256,0.967115
q_ind_123_pop_0,0.999982,1.000000,0.999795,1.000000
q_ind_124_pop_0,0.999980,1.000000,0.999778,1.000000
q_ind_125_pop_0,0.999977,1.000000,0.999743,1.000000
q_ind_126_pop_0,0.963810,0.964174,0.946436,0.979353
q_ind_127_pop_0,0.999982,1.000000,0.999802,1.000000
q_ind_128_pop_0,0.999969,1.000000,0.999666,1.000000
q_ind_129_pop_0,0.999971,1.000000,0.999673,1.000000
q_ind_130_pop_0,0.999981,1.000000,0.999785,1.000000
q_ind_131_pop_0,0.999973,1.000000,0.999691,1.000000
q_ind_132_pop_0,0.999965,1.000000,0.999626,1.000000
q_ind_133_pop_0,0.999971,1.000000,0.999681,1.000000
q_ind_134_pop_0,0.999980,1.000000,0.999763,1.000000
q_ind_135_pop_0,0.999942,1.000000,0.999373,1.000000
q_ind_136_pop_0,0.999931,1.000000,0.999221,1.000000
q_ind_137_pop_0,0.999970,1.000000,0.999656,1.000000
q_ind_138_pop_0,0.999979,1.000000,0.999756,1.000000
q_ind_139_pop_0,0.999951,1.000000,0.999460,1.000000
q_ind_140_pop_0,0.999921,1.000000,0.999158,1.000000
q_ind_141_pop_0,0.999973,1.000000,0.999702,1.000000
q_ind_142_pop_0,0.999940,1.000000,0.999315,1.000000
q_ind_143_pop_0,0.999950,1.000000,0.999424,1.000000
q_ind_144_pop_0,0.999978,1.000000,0.999748,1.000000
q_ind_145_pop_0,0.999963,1.000000,0.999601,1.000000
q_ind_146_pop_0,0.999972,1.000000,0.999698,1.000000
q_ind_147_pop_0,0.999969,1.000000,0.999668,1.000000
q_ind_148_pop_0,0.999957,1.000000,0.999513,1.000000
q_ind_149_pop_0,0.999981,1.000000,0.999790,1.000000
q_ind_150_pop_0,0.999978,1.000000,0.999748,1.000000
q_ind_151_pop_0,0.999982,1.000000,0.999801,1.000000
q_ind_152_pop_0,0.999972,1.000000,0.999689,1.000000
q_ind_153_pop_0,0.999983,1.000000,0.999814,1.000000
q_ind_154_pop_0,0.999969,1.000000,0.999638,1.000000
q_ind_155_pop_0,0.999982,1.000000,0.999791,1.000000
q_ind_156_pop_0,0.999977,1.000000,0.999739,1.000000
q_ind_157_pop_0,0.999983,1.000000,0.999809,1.000000
q_ind_158_pop_0,0.999979,1.000000,0.999761,1.000000
q_ind_159_pop_0,0.999981,1.000000,0.999784,1.000000
q_ind_160_pop_0,0.999982,1.000000,0.999797,1.000000
q_ind_161_pop_0,0.999983,1.000000,0.999807,1.000000
q_ind_162_pop_0,0.999974,1.000000,0.999703,1.000000
q_ind_163_pop_0,0.999980,1.000000,0.999771,1.000000
q_ind_164_pop_0,0.999972,1.000000,0.999691,1.000000
q_ind_165_pop_0,0.999974,1.000000,0.999712,1.000000
q_ind_166_pop_0,0.999965,1.000000,0.999598,1.000000
q_ind_167_pop_0,0.999982,1.000000,0.999798,1.000000
q_ind_168_pop_0,0.999982,1.000000,0.999793,1.000000
q_ind_169_pop_0,0.999950,1.000000,0.999431,1.000000
q_ind_170_pop_0,0.999916,1.000000,0.999044,1.000000
q_ind_171_pop_0,0.999967,1.000000,0.999613,1.000000
q_ind_172_pop_0,0.950169,0.950543,0.926599,0.971809
q_ind_173_pop_0,0.999981,1.000000,0.999788,1.000000
q_ind_174_pop_0,0.999967,1.000000,0.999638,1.000000
q_ind_175_pop_0,0.999979,1.000000,0.999759,1.000000
q_ind_176_pop_0,0.999981,1.000000,0.999779,1.000000
q_ind_177_pop_0,0.999746,1.000000,0.996933,1.000000
q_ind_178_pop_0,0.999951,1.000000,0.999450,1.000000
q_ind_179_pop_0,0.999934,1.000000,0.999256,1.000000
q_ind_180_pop_0,0.999981,1.000000,0.999800,1.000000
q_ind_181_pop_0,0.999977,1.000000,0.999744,1.000000
q_ind_182_pop_0,0.711561,0.711563,0.695465,0.727568
q_ind_183_pop_0,0.712910,0.712903,0.696081,0.729625
q_ind_184_pop_0,0.713475,0.713592,0.695216,0.731753
q_ind_185_pop_0,0.715513,0.715638,0.699450,0.731299
q_ind_186_pop_0,0.716314,0.716372,0.699303,0.732811
q_ind_187_pop_0,0.712901,0.712957,0.695710,0.729992
q_ind_188_pop_0,0.716072,0.716104,0.699209,0.732606
q_ind_189_pop_0,0.712502,0.712497,0.694718,0.730216
q_ind_190_pop_0,0.712379,0.712340,0.696136,0.728521
q_ind_191_pop_0,0.714412,0.714371,0.698186,0.730324
q_ind_192_pop_0,0.718780,0.718798,0.701413,0.735531
q_ind_193_pop_0,0.718615,0.718542,0.700937,0.735989
q_ind_194_pop_0,0.717332,0.717388,0.700886,0.733974
q_ind_195_pop_0,0.722195,0.722264,0.704551,0.739949
q_ind_196_pop_0,0.714981,0.715007,0.698764,0.731112
q_ind_197_pop_0,0.718063,0.718143,0.700045,0.736015
q_ind_198_pop_0,0.712422,0.712409,0.695764,0.728995
q_ind_199_pop_0,0.712417,0.712430,0.696259,0.728389
q_ind_200_pop_0,0.714596,0.714630,0.698100,0.730972
q_ind_201_pop_0,0.718760,0.718805,0.702726,0.734912
q_ind_202_pop_0,0.999978,1.000000,0.999760,1.000000
q_ind_203_pop_0,0.999979,1.000000,0.999760,1.000000
q_ind_204_pop_0,0.999981,1.000000,0.999792,1.000000
q_ind_205_pop_0,0.999982,1.000000,0.999796,1.000000
q_ind_206_pop_0,0.999982,1.000000,0.999804,1.000000
q_ind_207_pop_0,0.999978,1.000000,0.999751,1.000000
q_ind_208_pop_0,0.999977,1.000000,0.999741,1.000000
q_ind_209_pop_0,0.999979,1.000000,0.999774,1.000000
q_ind_210_pop_0,0.999980,1.000000,0.999781,1.000000
q_ind_211_pop_0,0.999979,1.000000,0.999772,1.000000
q_ind_212_pop_0,0.999982,1.000000,0.999800,1.000000
q_ind_213_pop_0,0.999982,1.000000,0.999800,1.000000
q_ind_214_pop_0,0.999971,1.000000,0.999662,1.000000
q_ind_215_pop_0,0.999981,1.000000,0.999779,1.000000
q_ind_216_pop_0,0.999981,1.000000,0.999788,1.000000
q_ind_217_pop_0,0.999981,1.000000,0.999789,1.000000
q_ind_218_pop_0,0.999983,1.000000,0.999817,1.000000
q_ind_219_pop_0,0.999980,1.000000,0.999778,1.000000
q_ind_220_pop_0,0.999976,1.000000,0.999732,1.000000
q_ind_221_pop_0,0.999980,1.000000,0.999775,1.000000
q_ind_222_pop_0,0.697695,0.697804,0.674961,0.719908
q_ind_223_pop_0,0.697315,0.697326,0.672654,0.721698
q_ind_224_pop_0,0.678409,0.678374,0.657872,0.698745
q_ind_225_pop_0,0.690264,0.690390,0.663953,0.715772
q_ind_226_pop_0,0.679343,0.679447,0.653859,0.704672
q_ind_227_pop_0,0.691453,0.691544,0.666697,0.715748
q_ind_228_pop_0,0.676487,0.676561,0.655625,0.696910
q_ind_229_pop_0,0.686840,0.686748,0.665258,0.708534
q_ind_230_pop_0,0.695970,0.696126,0.672209,0.719710
q_ind_231_pop_0,0.691001,0.690837,0.661763,0.720504
q_ind_232_pop_0,0.690498,0.690533,0.656968,0.723215
q_ind_233_pop_0,0.695545,0.695625,0.666890,0.723318
q_ind_234_pop_0,0.999919,1.000000,0.999051,1.000000
q_ind_235_pop_0,0.999944,1.000000,0.999390,1.000000
q_ind_236_pop_0,0.999897,1.000000,0.998827,1.000000
q_ind_237_pop_0,0.999947,1.000000,0.999389,1.000000
q_ind_238_pop_0,0.999475,1.000000,0.993841,1.000000
q_ind_239_pop_0,0.997528,0.999995,0.983366,1.000000
q_ind_240_pop_0,0.994456,0.998601,0.975467,1.000000
q_ind_241_pop_0,0.999900,1.000000,0.998869,1.000000
q_ind_242_pop_0,0.999959,1.000000,0.999539,1.000000
q_ind_243_pop_0,0.999590,1.000000,0.996679,1.000000
q_ind_244_pop_0,0.999811,1.000000,0.997970,1.000000
q_ind_245_pop_0,0.999909,1.000000,0.998937,1.000000
q_ind_246_pop_0,0.999821,1.000000,0.997898,1.000000
q_ind_247_pop_0,0.950795,0.951109,0.931974,0.967708
q_ind_248_pop_0,0.994975,0.998960,0.978039,1.000000
q_ind_249_pop_0,0.997545,0.998661,0.990179,1.000000
q_ind_250_pop_0,0.999977,1.000000,0.999736,1.000000
q_ind_251_pop_0,0.999612,1.000000,0.995848,1.000000
q_ind_252_pop_0,0.999422,1.000000,0.993935,1.000000
q_ind_253_pop_0,0.999963,1.000000,0.999584,1.000000
q_ind_254_pop_0,0.999724,1.000000,0.997050,1.000000
q_ind_255_pop_0,0.999715,1.000000,0.996810,1.000000
q_ind_256_pop_0,0.999943,1.000000,0.999349,1.000000
q_ind_257_pop_0,0.999955,1.000000,0.999483,1.000000
q_ind_258_pop_0,0.991923,0.992317,0.984084,0.997664
q_ind_259_pop_0,0.999939,1.000000,0.999278,1.000000
q_ind_260_pop_0,0.974549,0.974886,0.958313,0.988712
q_ind_261_pop_0,0.997212,0.999978,0.983755,1.000000
q_ind_262_pop_0,0.990459,0.990973,0.975955,1.000000
q_ind_263_pop_0,0.460295,0.460361,0.439708,0.480786
q_ind_264_pop_0,0.998629,0.999998,0.990006,1.000000
q_ind_265_pop_0,0.999729,1.000000,0.996713,1.000000
q_ind_266_pop_0,0.981373,0.981825,0.964109,0.996794
q_ind_267_pop_0,0.999944,1.000000,0.999378,1.000000
q_ind_268_pop_0,0.999656,1.000000,0.996051,1.000000
q_ind_269_pop_0,0.999594,1.000000,0.995031,1.000000
q_ind_270_pop_0,0.999682,1.000000,0.996648,1.000000
q_ind_271_pop_0,0.999667,1.000000,0.995928,1.000000
q_ind_272_pop_0,0.999847,1.000000,0.998322,1.000000
q_ind_273_pop_0,0.999917,1.000000,0.999054,1.000000
q_ind_274_pop_0,0.999683,1.000000,0.996144,1.000000
q_ind_275_pop_0,0.999927,1.000000,0.999181,1.000000
q_ind_276_pop_0,0.999934,1.000000,0.999249,1.000000
q_ind_277_pop_0,0.999917,1.000000,0.999067,1.000000
q_ind_278_pop_0,0.999931,1.000000,0.999214,1.000000
q_ind_279_pop_0,0.999937,1.000000,0.999297,1.000000
q_ind_280_pop_0,0.999872,1.000000,0.998599,1.000000
q_ind_281_pop_0,0.999953,1.000000,0.999465,1.000000
q_ind_282_pop_0,0.999947,1.000000,0.999370,1.000000
q_ind_283_pop_0,0.999065,0.999999,0.992317,1.000000
q_ind_284_pop_0,0.999897,1.000000,0.998805,1.000000
q_ind_285_pop_0,0.999949,1.000000,0.999431,1.000000
q_ind_286_pop_0,0.999936,1.000000,0.999275,1.000000
q_ind_287_pop_0,0.999960,1.000000,0.999572,1.000000
q_ind_288_pop_0,0.999957,1.000000,0.999514,1.000000
q_ind_289_pop_0,0.997917,0.999827,0.989317,1.000000
q_ind_290_pop_0,0.999957,1.000000,0.999527,1.000000
q_ind_291_pop_0,0.999757,1.000000,0.997555,1.000000
q_ind_292_pop_0,0.999725,1.000000,0.996689,1.000000
q_ind_293_pop_0,0.999515,1.000000,0.995815,1.000000
q_ind_294_pop_0,0.999549,1.000000,0.996464,1.000000
q_ind_295_pop_0,0.999943,1.000000,0.999347,1.000000
q_ind_296_pop_0,0.998217,0.999999,0.985784,1.000000
q_ind_297_pop_0,0.951505,0.951991,0.931520,0.969188
q_ind_298_pop_0,0.969737,0.970142,0.951137,0.985705
q_ind_299_pop_0,0.999827,1.000000,0.997914,1.000000
q_ind_300_pop_0,0.950123,0.950683,0.927994,0.969030
q_ind_301_pop_0,0.693355,0.693417,0.665219,0.721210
q_ind_302_pop_0,0.688512,0.688628,0.666836,0.709276
q_ind_303_pop_0,0.681126,0.681126,0.654210,0.707433
q_ind_304_pop_0,0.677571,0.677794,0.651493,0.702385
q_ind_305_pop_0,0.679398,0.679376,0.657231,0.701573
q_ind_306_pop_0,0.999947,1.000000,0.999394,1.000000
q_ind_307_pop_0,0.999856,1.000000,0.998291,1.000000
q_ind_308_pop_0,0.999950,1.000000,0.999444,1.000000
q_ind_309_pop_0,0.999898,1.000000,0.998892,1.000000
q_ind_310_pop_0,0.999935,1.000000,0.999284,1.000000
q_ind_311_pop_0,0.999885,1.000000,0.998712,1.000000
q_ind_312_pop_0,0.999861,1.000000,0.998485,1.000000
q_ind_313_pop_0,0.936474,0.936992,0.909584,0.960401
q_ind_314_pop_0,0.954952,0.955351,0.933786,0.974688
q_ind_315_pop_0,0.947652,0.947988,0.927888,0.965323
q_ind_316_pop_0,0.940631,0.941018,0.915889,0.963925
q_ind_317_pop_0,0.942338,0.942891,0.919737,0.962721
q_ind_318_pop_0,0.964887,0.965117,0.938552,0.992011
q_ind_319_pop_0,0.000021,0.000000,0.000000,0.000247
q_ind_320_pop_0,0.453644,0.453558,0.433577,0.474327
q_ind_321_pop_0,0.000020,0.000000,0.000000,0.000214
q_ind_322_pop_0,0.000040,0.000000,0.000000,0.000454
q_ind_323_pop_0,0.000016,0.000000,0.000000,0.000193
q_ind_324_pop_0,0.000016,0.000000,0.000000,0.000179
q_ind_325_pop_0,0.000019,0.000000,0.000000,0.000208
q_ind_326_pop_0,0.000017,0.000000,0.000000,0.000188
q_ind_327_pop_0,0.000018,0.000000,0.000000,0.000199
q_ind_328_pop_0,0.989848,0.990047,0.984321,0.994419
q_ind_329_pop_0,0.987370,0.987614,0.980108,0.993397
q_ind_330_pop_0,0.978948,0.979109,0.968583,0.988112
q_ind_331_pop_0,0.969078,0.969252,0.957908,0.979270
q_ind_332_pop_0,0.969301,0.969443,0.957142,0.980529
q_ind_333_pop_0,0.997006,0.997085,0.993000,1.000000
q_ind_334_pop_0,0.986228,0.986450,0.976553,0.994662
q_ind_335_pop_0,0.994553,0.994747,0.989913,0.998114
q_ind_336_pop_0,0.986021,0.986296,0.976071,0.994170
q_ind_337_pop_0,0.985160,0.985344,0.975357,0.994012
q_ind_338_pop_0,0.999950,1.000000,0.999438,1.000000
q_ind_339_pop_0,0.000612,0.000015,0.000000,0.003313
q_ind_340_pop_0,0.998208,0.998703,0.993720,1.000000
q_ind_341_pop_0,0.996697,0.996791,0.991444,1.000000
q_ind_342_pop_0,0.999273,0.999997,0.995286,1.000000
q_ind_343_pop_0,0.992376,0.992555,0.986772,0.996919
q_ind_344_pop_0,0.000038,0.000000,0.000000,0.000420
q_ind_345_pop_0,0.999930,1.000000,0.999209,1.000000
q_ind_346_pop_0,0.980337,0.980584,0.970692,0.988537
q_ind_347_pop_0,0.000538,0.000003,0.000000,0.003394
q_ind_348_pop_0,0.993201,0.993375,0.988168,0.997214
q_ind_349_pop_0,0.994977,0.995111,0.991037,0.998096
q_ind_350_pop_0,0.999936,1.000000,0.999297,1.000000
q_ind_351_pop_0,0.993221,0.993363,0.988916,0.996731
q_ind_352_pop_0,0.999909,1.000000,0.998983,1.000000
q_ind_353_pop_0,0.999835,1.000000,0.998424,1.000000
q_ind_354_pop_0,0.999583,0.999998,0.997307,1.000000
q_ind_355_pop_0,0.990073,0.990226,0.985164,0.994115
q_ind_356_pop_0,0.992682,0.992820,0.988238,0.996327
q_ind_357_pop_0,0.999963,1.000000,0.999591,1.000000
q_ind_358_pop_0,0.999975,1.000000,0.999732,1.000000
q_ind_359_pop_0,0.627097,0.627184,0.607188,0.646448
q_ind_360_pop_0,0.703809,0.703629,0.686114,0.721474
q_ind_361_pop_0,0.707215,0.707292,0.689918,0.724397
q_ind_362_pop_0,0.694605,0.694569,0.675624,0.713141
q_ind_363_pop_0,0.691466,0.691397,0.674109,0.709062
q_ind_364_pop_0,0.685923,0.686043,0.666604,0.704685
q_ind_365_pop_0,0.702781,0.702902,0.685114,0.719996
q_ind_366_pop_0,0.688722,0.688720,0.671086,0.706366
q_ind_367_pop_0,0.694734,0.694751,0.676550,0.712430
q_ind_368_pop_0,0.999977,1.000000,0.999749,1.000000
q_ind_369_pop_0,0.000017,0.000000,0.000000,0.000182
q_ind_370_pop_0,0.000049,0.000000,0.000000,0.000555
q_ind_371_pop_0,0.000062,0.000000,0.000000,0.000717
q_ind_372_pop_0,0.000029,0.000000,0.000000,0.000328
q_ind_373_pop_0,0.000504,0.000024,0.000000,0.002610
q_ind_374_pop_0,0.005395,0.005276,0.002329,0.009100
q_ind_375_pop_0,0.002200,0.002142,0.000000,0.005242
q_ind_376_pop_0,0.000050,0.000000,0.000000,0.000560
q_ind_377_pop_0,0.000135,0.000000,0.000000,0.001333
q_ind_378_pop_0,0.000467,0.000003,0.000000,0.002999
q_ind_379_pop_0,0.000202,0.000000,0.000000,0.001741
q_ind_380_pop_0,0.000025,0.000000,0.000000,0.000275
q_ind_381_pop_0,0.000036,0.000000,0.000000,0.000417
q_ind_382_pop_0,0.000057,0.000000,0.000000,0.000635
q_ind_383_pop_0,0.000044,0.000000,0.000000,0.000492
q_ind_384_pop_0,0.000044,0.000000,0.000000,0.000473
q_ind_385_pop_0,0.005516,0.005391,0.002380,0.009240
q_ind_386_pop_0,0.000028,0.000000,0.000000,0.000311
q_ind_387_pop_0,0.667894,0.667931,0.647677,0.688014
q_ind_388_pop_0,0.702784,0.702904,0.685494,0.719795
q_ind_389_pop_0,0.697530,0.697549,0.678704,0.715856
q_ind_390_pop_0,0.705543,0.705598,0.687355,0.723727
q_ind_391_pop_0,0.697299,0.697399,0.677091,0.717166
q_ind_392_pop_0,0.710523,0.710651,0.692926,0.728001
q_ind_393_pop_0,0.708768,0.708817,0.689737,0.727599
q_ind_394_pop_0,0.713960,0.714000,0.695425,0.731938
q_ind_395_pop_0,0.701548,0.701626,0.683922,0.718977
q_ind_396_pop_0,0.692990,0.692979,0.675077,0.710567
q_ind_397_pop_0,0.000106,0.000000,0.000000,0.001085
q_ind_398_pop_0,0.000034,0.000000,0.000000,0.000398
q_ind_399_pop_0,0.000018,0.000000,0.000000,0.000201
q_ind_400_pop_0,0.000021,0.000000,0.000000,0.000228
q_ind_401_pop_0,0.000024,0.000000,0.000000,0.000261
q_ind_402_pop_0,0.000027,0.000000,0.000000,0.000325
q_ind_403_pop_0,0.000026,0.000000,0.000000,0.000292
q_ind_404_pop_0,0.000031,0.000000,0.000000,0.000375
q_ind_405_pop_0,0.000036,0.000000,0.000000,0.000401
q_ind_406_pop_0,0.005458,0.005363,0.002449,0.009109
q_ind_407_pop_0,0.000045,0.000000,0.000000,0.000518
q_ind_408_pop_0,0.000020,0.000000,0.000000,0.000228
q_ind_409_pop_0,0.000026,0.000000,0.000000,0.000298
q_ind_410_pop_0,0.000030,0.000000,0.000000,0.000337
q_ind_411_pop_0,0.000031,0.000000,0.000000,0.000354
q_ind_412_pop_0,0.000032,0.000000,0.000000,0.000358
q_ind_413_pop_0,0.000233,0.000000,0.000000,0.001937
q_ind_414_pop_0,0.000402,0.000002,0.000000,0.002507
q_ind_415_pop_0,0.000035,0.000000,0.000000,0.000415
q_ind_416_pop_0,0.000039,0.000000,0.000000,0.000447
q_ind_417_pop_0,0.000019,0.000000,0.000000,0.000216
q_ind_418_pop_0,0.000017,0.000000,0.000000,0.000197
q_ind_419_pop_0,0.000027,0.000000,0.000000,0.000305
q_ind_420_pop_0,0.000027,0.000000,0.000000,0.000301
q_ind_421_pop_0,0.000118,0.000000,0.000000,0.001363
q_ind_422_pop_0,0.000016,0.000000,0.000000,0.000187
q_ind_423_pop_0,0.000017,0.000000,0.000000,0.000179
q_ind_424_pop_0,0.000024,0.000000,0.000000,0.000267
q_ind_425_pop_0,0.000018,0.000000,0.000000,0.000203
q_ind_426_pop_0,0.467657,0.467638,0.451976,0.483225
q_ind_427_pop_0,0.000018,0.000000,0.000000,0.000214
q_ind_428_pop_0,0.997454,0.997593,0.993075,1.000000
q_ind_429_pop_0,0.000298,0.000000,0.000000,0.002085
q_ind_430_pop_0,0.999668,1.000000,0.997096,1.000000
q_ind_431_pop_0,0.000018,0.000000,0.000000,0.000202
q_ind_432_pop_0,0.000022,0.000000,0.000000,0.000258
q_ind_433_pop_0,0.002102,0.002045,0.000000,0.004597
q_ind_434_pop_0,0.002533,0.002480,0.000005,0.005022
q_ind_435_pop_0,0.000020,0.000000,0.000000,0.000223
q_ind_436_pop_0,0.000026,0.000000,0.000000,0.000296
q_ind_437_pop_0,0.000015,0.000000,0.000000,0.000169
q_ind_438_pop_0,0.000021,0.000000,0.000000,0.000227
q_ind_439_pop_0,0.000469,0.000000,0.000000,0.003453
q_ind_440_pop_0,0.000030,0.000000,0.000000,0.000341
q_ind_441_pop_0,0.000034,0.000000,0.000000,0.000378
q_ind_442_pop_0,0.001836,0.001748,0.000000,0.005074
q_ind_443_pop_0,0.000038,0.000000,0.000000,0.000435
q_ind_444_pop_0,0.002530,0.002472,0.000000,0.005798
q_ind_445_pop_0,0.657632,0.657620,0.639500,0.676324
q_ind_446_pop_0,0.662794,0.662858,0.644002,0.681560
q_ind_447_pop_0,0.651199,0.651247,0.632727,0.669631
q_ind_448_pop_0,0.651403,0.651496,0.631880,0.670397
q_ind_449_pop_0,0.655374,0.655293,0.636508,0.674721
q_ind_450_pop_0,0.648264,0.648188,0.629464,0.666958
q_ind_451_pop_0,0.000146,0.000000,0.000000,0.001453
q_ind_452_pop_0,0.618597,0.618480,0.599063,0.638393
q_ind_453_pop_0,0.632776,0.632797,0.612752,0.653005
q_ind_454_pop_0,0.627515,0.627572,0.604106,0.650952
q_ind_455_pop_0,0.624911,0.624888,0.604939,0.644616
q_ind_456_pop_0,0.621964,0.621852,0.602293,0.641950
q_ind_457_pop_0,0.626984,0.627093,0.607314,0.646509
q_ind_458_pop_0,0.629770,0.629877,0.610398,0.649040
q_ind_459_pop_0,0.625568,0.625545,0.606382,0.644910
q_ind_460_pop_0,0.000042,0.000000,0.000000,0.000462
q_ind_461_pop_0,0.000013,0.000000,0.000000,0.000150
q_ind_462_pop_0,0.000028,0.000000,0.000000,0.000314
q_ind_463_pop_0,0.000029,0.000000,0.000000,0.000313
q_ind_464_pop_0,0.000037,0.000000,0.000000,0.000430
q_ind_465_pop_0,0.002103,0.002059,0.000000,0.004720
q_ind_466_pop_0,0.999596,0.999999,0.996936,1.000000
q_ind_467_pop_0,0.338305,0.338380,0.322662,0.354059
q_ind_468_pop_0,0.000538,0.000001,0.000000,0.003800
q_ind_469_pop_0,0.000142,0.000000,0.000000,0.001367
q_ind_470_pop_0,0.999963,1.000000,0.999581,1.000000
q_ind_471_pop_0,0.999968,1.000000,0.999628,1.000000
q_ind_472_pop_0,0.999967,1.000000,0.999624,1.000000
q_ind_473_pop_0,0.999807,1.000000,0.997944,1.000000
q_ind_474_pop_0,0.999968,1.000000,0.999643,1.000000
q_ind_475_pop_0,0.999867,1.000000,0.998597,1.000000
q_ind_476_pop_0,0.999781,1.000000,0.997976,1.000000
q_ind_477_pop_0,0.999942,1.000000,0.999346,1.000000
q_ind_478_pop_0,0.999943,1.000000,0.999364,1.000000
q_ind_479_pop_0,0.996539,0.996618,0.992937,0.999994
q_ind_480_pop_0,0.988975,0.989098,0.983786,0.993473
q_ind_481_pop_0,0.988918,0.989046,0.983806,0.993252
q_ind_482_pop_0,0.999972,1.000000,0.999683,1.000000
q_ind_483_pop_0,0.999961,1.000000,0.999558,1.000000
q_ind_484_pop_0,0.999952,1.000000,0.999448,1.000000
q_ind_485_pop_0,0.999932,1.000000,0.999227,1.000000
q_ind_486_pop_0,0.000024,0.000000,0.000000,0.000260
q_ind_487_pop_0,0.000062,0.000000,0.000000,0.000727
q_ind_488_pop_0,0.000058,0.000000,0.000000,0.000645
q_ind_489_pop_0,0.886947,0.887121,0.867292,0.905737
q_ind_490_pop_0,0.000037,0.000000,0.000000,0.000432
q_ind_491_pop_0,0.178525,0.178450,0.165775,0.191427
q_ind_492_pop_0,0.801023,0.801298,0.765222,0.834889
q_ind_493_pop_0,0.000167,0.000000,0.000000,0.001647
q_ind_494_pop_0,0.836203,0.836481,0.798425,0.871640
q_ind_495_pop_0,0.000030,0.000000,0.000000,0.000349
q_ind_496_pop_0,0.000014,0.000000,0.000000,0.000156
q_ind_497_pop_0,0.000069,0.000000,0.000000,0.000773
q_ind_498_pop_0,0.000017,0.000000,0.000000,0.000185
q_ind_499_pop_0,0.000015,0.000000,0.000000,0.000172
q_ind_500_pop_0,0.000017,0.000000,0.000000,0.000194
q_ind_501_pop_0,0.000014,0.000000,0.000000,0.000160
q_ind_502_pop_0,0.000033,0.000000,0.000000,0.000376
q_ind_503_pop_0,0.000018,0.000000,0.000000,0.000195
q_ind_504_pop_0,0.000020,0.000000,0.000000,0.000221
q_ind_505_pop_0,0.000040,0.000000,0.000000,0.000455
q_ind_506_pop_0,0.000024,0.000000,0.000000,0.000275
q_ind_507_pop_0,0.000046,0.000000,0.000000,0.000514
q_ind_508_pop_0,0.000017,0.000000,0.000000,0.000195
q_ind_509_pop_0,0.000037,0.000000,0.000000,0.000428
q_ind_510_pop_0,0.000048,0.000000,0.000000,0.000545
q_ind_511_pop_0,0.000026,0.000000,0.000000,0.000293
q_ind_512_pop_0,0.000017,0.000000,0.000000,0.000196
q_ind_513_pop_0,0.000017,0.000000,0.000000,0.000173
q_ind_514_pop_0,0.000022,0.000000,0.000000,0.000239
q_ind_515_pop_0,0.000024,0.000000,0.000000,0.000252
q_ind_516_pop_0,0.000017,0.000000,0.000000,0.000188
q_ind_517_pop_0,0.000019,0.000000,0.000000,0.000209
q_ind_518_pop_0,0.000016,0.000000,0.000000,0.000183
q_ind_519_pop_0,0.000569,0.000001,0.000000,0.003710
q_ind_520_pop_0,0.000034,0.000000,0.000000,0.000369
q_ind_521_pop_0,0.000804,0.000007,0.000000,0.004608
q_ind_522_pop_0,0.000029,0.000000,0.000000,0.000323
q_ind_523_pop_0,0.713390,0.713468,0.696654,0.729524
q_ind_524_pop_0,0.713496,0.713519,0.696462,0.730168
q_ind_525_pop_0,0.707857,0.707852,0.691403,0.724286
q_ind_526_pop_0,0.714297,0.714304,0.697355,0.731061
q_ind_527_pop_0,0.717963,0.717989,0.699931,0.735644
q_ind_528_pop_0,0.709224,0.709191,0.693046,0.725714
q_ind_529_pop_0,0.711867,0.711815,0.694602,0.729134
q_ind_530_pop_0,0.709291,0.709383,0.692266,0.725980
q_ind_531_pop_0,0.715047,0.715109,0.698979,0.731203
q_ind_532_pop_0,0.708146,0.708151,0.691050,0.725156
q_ind_533_pop_0,0.000019,0.000000,0.000000,0.000215
q_ind_534_pop_0,0.000018,0.000000,0.000000,0.000193
q_ind_535_pop_0,0.000017,0.000000,0.000000,0.000201
q_ind_536_pop_0,0.000026,0.000000,0.000000,0.000289
q_ind_537_pop_0,0.000016,0.000000,0.000000,0.000182
q_ind_538_pop_0,0.000016,0.000000,0.000000,0.000178
q_ind_539_pop_0,0.000017,0.000000,0.000000,0.000189
q_ind_540_pop_0,0.000016,0.000000,0.000000,0.000180
q_ind_541_pop_0,0.000017,0.000000,0.000000,0.000187
q_ind_542_pop_0,0.999969,1.000000,0.999658,1.000000
q_ind_543_pop_0,0.999968,1.000000,0.999642,1.000000
q_ind_544_pop_0,0.999959,1.000000,0.999521,1.000000
q_ind_545_pop_0,0.999975,1.000000,0.999724,1.000000
q_ind_546_pop_0,0.843670,0.843699,0.830362,0.856787
q_ind_547_pop_0,0.948329,0.948523,0.936140,0.959542
q_ind_548_pop_0,0.986379,0.986503,0.980879,0.991199
q_ind_549_pop_0,0.999967,1.000000,0.999631,1.000000
q_ind_550_pop_0,0.999956,1.000000,0.999506,1.000000
q_ind_551_pop_0,0.999969,1.000000,0.999621,1.000000
q_ind_552_pop_0,0.698998,0.699081,0.680323,0.717391
q_ind_553_pop_0,0.682834,0.682922,0.662491,0.703085
q_ind_554_pop_0,0.683975,0.683950,0.661507,0.706635
q_ind_555_pop_0,0.685794,0.685836,0.667301,0.704105
q_ind_556_pop_0,0.675060,0.675127,0.656042,0.693724
q_ind_557_pop_0,0.699155,0.699140,0.679411,0.718904
q_ind_558_pop_0,0.000311,0.000000,0.000000,0.002371
q_ind_559_pop_0,0.690167,0.690185,0.671087,0.709416
q_ind_560_pop_0,0.706832,0.706773,0.689423,0.724271
q_ind_561_pop_0,0.696568,0.696634,0.678033,0.714874
q_ind_562_pop_0,0.691211,0.691236,0.672611,0.709264
q_ind_563_pop_0,0.689890,0.689952,0.670490,0.708832
q_ind_564_pop_0,0.702003,0.702196,0.680388,0.722906
q_ind_565_pop_0,0.688664,0.688803,0.671247,0.706309
q_ind_566_pop_0,0.000035,0.000000,0.000000,0.000401
q_ind_567_pop_0,0.000027,0.000000,0.000000,0.000292
q_ind_568_pop_0,0.706386,0.706385,0.686984,0.725916
q_ind_569_pop_0,0.686945,0.686995,0.668146,0.705581
q_ind_570_pop_0,0.003914,0.003827,0.000364,0.007688
q_ind_571_pop_0,0.704197,0.704130,0.686706,0.721681
q_ind_572_pop_0,0.001674,0.001514,0.000000,0.004929
q_ind_573_pop_0,0.000142,0.000000,0.000000,0.001440
q_ind_574_pop_0,0.830409,0.830529,0.810060,0.849964
q_ind_575_pop_0,0.668314,0.668381,0.648333,0.688073
q_ind_576_pop_0,0.823088,0.823238,0.801300,0.844420
q_ind_577_pop_0,0.746103,0.746087,0.724727,0.767385
q_ind_578_pop_0,0.000120,0.000000,0.000000,0.001130
q_ind_579_pop_0,0.000021,0.000000,0.000000,0.000243
q_ind_580_pop_0,0.000036,0.000000,0.000000,0.000403
q_ind_581_pop_0,0.000022,0.000000,0.000000,0.000247
q_ind_582_pop_0,0.000089,0.000000,0.000000,0.001046
q_ind_583_pop_0,0.000100,0.000000,0.000000,0.001147
q_ind_584_pop_0,0.000032,0.000000,0.000000,0.000357
q_ind_585_pop_0,0.000037,0.000000,0.000000,0.000412
q_ind_586_pop_0,0.000020,0.000000,0.000000,0.000232
q_ind_587_pop_0,0.000022,0.000000,0.000000,0.000257
q_ind_588_pop_0,0.664870,0.664882,0.645934,0.683919
q_ind_589_pop_0,0.692946,0.693005,0.672267,0.713682
q_ind_590_pop_0,0.435045,0.435006,0.418708,0.451680
q_ind_591_pop_0,0.452994,0.452896,0.432558,0.473760
q_ind_592_pop_0,0.685047,0.685158,0.665316,0.704676
q_ind_593_pop_0,0.681911,0.681993,0.662533,0.700613
q_ind_594_pop_0,0.677553,0.677645,0.658984,0.695541
q_ind_595_pop_0,0.677374,0.677431,0.657068,0.697479
q_ind_596_pop_0,0.683812,0.683878,0.665478,0.701862
q_ind_597_pop_0,0.676908,0.676986,0.658319,0.695204
q_ind_598_pop_0,0.000739,0.000078,0.000000,0.003505
q_ind_599_pop_0,0.000019,0.000000,0.000000,0.000220
q_ind_600_pop_0,0.000038,0.000000,0.000000,0.000427
q_ind_601_pop_0,0.971781,0.971923,0.960865,0.981381
q_ind_602_pop_0,0.000250,0.000000,0.000000,0.002081
q_ind_603_pop_0,0.000080,0.000000,0.000000,0.000882
q_ind_604_pop_0,0.984124,0.984383,0.974208,0.992450
q_ind_605_pop_0,0.985454,0.985824,0.975434,0.993517
q_ind_606_pop_0,0.000065,0.000000,0.000000,0.000743
q_ind_607_pop_0,0.006003,0.005910,0.002864,0.009682
q_ind_608_pop_0,0.968305,0.968516,0.955696,0.979702
q_ind_609_pop_0,0.000023,0.000000,0.000000,0.000268
q_ind_610_pop_0,0.000027,0.000000,0.000000,0.000307
q_ind_611_pop_0,0.000045,0.000000,0.000000,0.000514
q_ind_612_pop_0,0.000061,0.000000,0.000000,0.000682
q_ind_613_pop_0,0.000038,0.000000,0.000000,0.000448
q_ind_614_pop_0,0.000017,0.000000,0.000000,0.000183
q_ind_615_pop_0,0.000016,0.000000,0.000000,0.000186
q_ind_616_pop_0,0.000017,0.000000,0.000000,0.000191
q_ind_617_pop_0,0.000025,0.000000,0.000000,0.000288
q_ind_618_pop_0,0.000017,0.000000,0.000000,0.000178
q_ind_619_pop_0,0.999902,1.000000,0.998956,1.000000
q_ind_620_pop_0,0.999962,1.000000,0.999574,1.000000
q_ind_621_pop_0,0.999972,1.000000,0.999685,1.000000
q_ind_622_pop_0,0.999953,1.000000,0.999458,1.000000
q_ind_623_pop_0,0.999970,1.000000,0.999666,1.000000
q_ind_624_pop_0,0.973764,0.973884,0.966908,0.979952
q_ind_625_pop_0,0.999912,1.000000,0.999060,1.000000
q_ind_626_pop_0,0.998522,0.998798,0.995083,1.000000
q_ind_627_pop_0,0.999959,1.000000,0.999530,1.000000
q_ind_628_pop_0,0.999972,1.000000,0.999683,1.000000
q_ind_629_pop_0,0.000049,0.000000,0.000000,0.000547
q_ind_630_pop_0,0.629996,0.630118,0.610655,0.649267
q_ind_631_pop_0,0.000041,0.000000,0.000000,0.000445
q_ind_632_pop_0,0.000021,0.000000,0.000000,0.000240
q_ind_633_pop_0,0.623247,0.623174,0.599358,0.647094
q_ind_634_pop_0,0.000038,0.000000,0.000000,0.000426
q_ind_635_pop_0,0.000042,0.000000,0.000000,0.000482
q_ind_636_pop_0,0.000024,0.000000,0.000000,0.000270
q_ind_637_pop_0,0.628641,0.628661,0.609340,0.647926
q_ind_638_pop_0,0.717111,0.717071,0.699877,0.734353
q_ind_639_pop_0,0.701865,0.701993,0.684787,0.719058
q_ind_640_pop_0,0.695884,0.695838,0.678557,0.713333
q_ind_641_pop_0,0.691335,0.691303,0.673258,0.709509
q_ind_642_pop_0,0.702440,0.702502,0.683902,0.720546
q_ind_643_pop_0,0.714917,0.714925,0.696845,0.732405
q_ind_644_pop_0,0.708848,0.708918,0.690469,0.726779
q_ind_645_pop_0,0.696396,0.696442,0.677745,0.715059
q_ind_646_pop_0,0.710207,0.710134,0.691380,0.729157
q_ind_647_pop_0,0.709372,0.709438,0.692306,0.726161
q_ind_648_pop_0,0.416805,0.416900,0.397610,0.435885
q_ind_649_pop_0,0.000060,0.000000,0.000000,0.000688
q_ind_650_pop_0,0.000018,0.000000,0.000000,0.000193
q_ind_651_pop_0,0.000014,0.000000,0.000000,0.000154
q_ind_652_pop_0,0.000012,0.000000,0.000000,0.000134
q_ind_653_pop_0,0.999965,1.000000,0.999604,1.000000
q_ind_654_pop_0,0.410194,0.410156,0.392698,0.427866
q_ind_655_pop_0,0.999968,1.000000,0.999640,1.000000
q_ind_656_pop_0,0.999956,1.000000,0.999494,1.000000
q_ind_657_pop_0,0.000025,0.000000,0.000000,0.000286
q_ind_658_pop_0,0.000040,0.000000,0.000000,0.000474
q_ind_659_pop_0,0.000336,0.000001,0.000000,0.002352
q_ind_660_pop_0,0.001121,0.000672,0.000000,0.004280
q_ind_661_pop_0,0.995796,0.995939,0.991460,0.999408
q_ind_662_pop_0,0.000026,0.000000,0.000000,0.000294
q_ind_663_pop_0,0.000018,0.000000,0.000000,0.000203
q_ind_664_pop_0,0.015622,0.015547,0.011298,0.020508
q_ind_665_pop_0,0.998224,0.998790,0.993620,1.000000
q_ind_666_pop_0,0.467113,0.467102,0.449623,0.484624
q_ind_667_pop_0,0.144453,0.144235,0.123951,0.165970
q_ind_668_pop_0,0.000025,0.000000,0.000000,0.000275
q_ind_669_pop_0,0.000043,0.000000,0.000000,0.000488
q_ind_670_pop_0,0.000030,0.000000,0.000000,0.000335
q_ind_671_pop_0,0.000115,0.000000,0.000000,0.001222
q_ind_672_pop_0,0.000018,0.000000,0.000000,0.000207
q_ind_673_pop_0,0.000020,0.000000,0.000000,0.000230
q_ind_674_pop_0,0.000016,0.000000,0.000000,0.000180
q_ind_675_pop_0,0.000021,0.000000,0.000000,0.000228
q_ind_676_pop_0,0.000079,0.000000,0.000000,0.000897
q_ind_677_pop_0,0.000045,0.000000,0.000000,0.000485
q_ind_678_pop_0,0.000022,0.000000,0.000000,0.000251
q_ind_679_pop_0,0.000043,0.000000,0.000000,0.000493
q_ind_680_pop_0,0.000281,0.000000,0.000000,0.002357
q_ind_681_pop_0,0.000287,0.000000,0.000000,0.002371
q_ind_682_pop_0,0.000017,0.000000,0.000000,0.000183
q_ind_683_pop_0,0.996669,0.996754,0.993099,1.000000
q_ind_684_pop_0,0.999698,1.000000,0.997406,1.000000
q_ind_685_pop_0,0.999967,1.000000,0.999636,1.000000
q_ind_686_pop_0,0.999976,1.000000,0.999719,1.000000
q_ind_687_pop_0,0.999976,1.000000,0.999738,1.000000
q_ind_688_pop_0,0.999931,1.000000,0.999189,1.000000
q_ind_689_pop_0,0.999885,1.000000,0.998787,1.000000
q_ind_690_pop_0,0.000021,0.000000,0.000000,0.000229
q_ind_691_pop_0,0.000042,0.000000,0.000000,0.000476
q_ind_692_pop_0,0.000027,0.000000,0.000000,0.000309
q_ind_693_pop_0,0.000021,0.000000,0.000000,0.000237
q_ind_694_pop_0,0.000017,0.000000,0.000000,0.000190
q_ind_0_pop_1,0.000061,0.000000,0.000000,0.000691
q_ind_1_pop_1,0.000031,0.000000,0.000000,0.000340
q_ind_2_pop_1,0.000096,0.000000,0.000000,0.001064
q_ind_3_pop_1,0.000089,0.000000,0.000000,0.001021
q_ind_4_pop_1,0.000030,0.000000,0.000000,0.000318
q_ind_5_pop_1,0.000034,0.000000,0.000000,0.000369
q_ind_6_pop_1,0.000031,0.000000,0.000000,0.000337
q_ind_7_pop_1,0.000033,0.000000,0.000000,0.000370
q_ind_8_pop_1,0.000051,0.000000,0.000000,0.000615
q_ind_9_pop_1,0.000036,0.000000,0.000000,0.000410
q_ind_10_pop_1,0.006552,0.006421,0.000439,0.012602
q_ind_11_pop_1,0.000039,0.000000,0.000000,0.000470
q_ind_12_pop_1,0.000023,0.000000,0.000000,0.000252
q_ind_13_pop_1,0.000041,0.000000,0.000000,0.000447
q_ind_14_pop_1,0.005927,0.004705,0.000000,0.019850
q_ind_15_pop_1,0.001608,0.000005,0.000000,0.010452
q_ind_16_pop_1,0.011064,0.010808,0.000000,0.023315
q_ind_17_pop_1,0.002208,0.000012,0.000000,0.013834
q_ind_18_pop_1,0.001382,0.000000,0.000000,0.014793
q_ind_19_pop_1,0.000897,0.000000,0.000000,0.008895
q_ind_20_pop_1,0.000037,0.000000,0.000000,0.000431
q_ind_21_pop_1,0.000037,0.000000,0.000000,0.000396
q_ind_22_pop_1,0.000034,0.000000,0.000000,0.000392
q_ind_23_pop_1,0.000032,0.000000,0.000000,0.000360
q_ind_24_pop_1,0.000033,0.000000,0.000000,0.000383
q_ind_25_pop_1,0.000104,0.000000,0.000000,0.001224
q_ind_26_pop_1,0.000268,0.000000,0.000000,0.002738
q_ind_27_pop_1,0.000037,0.000000,0.000000,0.000407
q_ind_28_pop_1,0.000209,0.000000,0.000000,0.002509
q_ind_29_pop_1,0.000103,0.000000,0.000000,0.001131
q_ind_30_pop_1,0.000046,0.000000,0.000000,0.000514
q_ind_31_pop_1,0.000027,0.000000,0.000000,0.000305
q_ind_32_pop_1,0.000026,0.000000,0.000000,0.000297
q_ind_33_pop_1,0.000267,0.000000,0.000000,0.002925
q_ind_34_pop_1,0.000229,0.000000,0.000000,0.002493
q_ind_35_pop_1,0.000027,0.000000,0.000000,0.000292
q_ind_36_pop_1,0.000030,0.000000,0.000000,0.000332
q_ind_37_pop_1,0.000031,0.000000,0.000000,0.000359
q_ind_38_pop_1,0.000087,0.000000,0.000000,0.000970
q_ind_39_pop_1,0.000027,0.000000,0.000000,0.000294
q_ind_40_pop_1,0.000030,0.000000,0.000000,0.000334
q_ind_41_pop_1,0.000023,0.000000,0.000000,0.000256
q_ind_42_pop_1,0.000024,0.000000,0.000000,0.000260
q_ind_43_pop_1,0.000020,0.000000,0.000000,0.000233
q_ind_44_pop_1,0.000035,0.000000,0.000000,0.000393
q_ind_45_pop_1,0.000054,0.000000,0.000000,0.000618
q_ind_46_pop_1,0.064137,0.064013,0.049175,0.080161
q_ind_47_pop_1,0.068884,0.068749,0.053864,0.084986
q_ind_48_pop_1,0.000026,0.000000,0.000000,0.000296
q_ind_49_pop_1,0.072322,0.072140,0.057159,0.088313
q_ind_50_pop_1,0.065368,0.065169,0.049137,0.082999
q_ind_51_pop_1,0.062795,0.062593,0.046985,0.079701
q_ind_52_pop_1,0.000020,0.000000,0.000000,0.000218
q_ind_53_pop_1,0.026959,0.026804,0.015705,0.039338
q_ind_54_pop_1,0.022111,0.021913,0.011901,0.033632
q_ind_55_pop_1,0.000024,0.000000,0.000000,0.000264
q_ind_56_pop_1,0.024261,0.023990,0.013984,0.035788
q_ind_57_pop_1,0.026476,0.026309,0.015471,0.038441
q_ind_58_pop_1,0.017979,0.017747,0.007790,0.029269
q_ind_59_pop_1,0.022764,0.022575,0.011835,0.034889
q_ind_60_pop_1,0.024598,0.024300,0.014571,0.036109
q_ind_61_pop_1,0.000160,0.000000,0.000000,0.001905
q_ind_62_pop_1,0.000062,0.000000,0.000000,0.000730
q_ind_63_pop_1,0.000051,0.000000,0.000000,0.000565
q_ind_64_pop_1,0.025224,0.024569,0.006090,0.046882
q_ind_65_pop_1,0.000021,0.000000,0.000000,0.000231
q_ind_66_pop_1,0.000029,0.000000,0.000000,0.000329
q_ind_67_pop_1,0.000017,0.000000,0.000000,0.000185
q_ind_68_pop_1,0.000017,0.000000,0.000000,0.000187
q_ind_69_pop_1,0.000022,0.000000,0.000000,0.000240
q_ind_70_pop_1,0.000021,0.000000,0.000000,0.000239
q_ind_71_pop_1,0.000108,0.000000,0.000000,0.001255
q_ind_72_pop_1,0.000031,0.000000,0.000000,0.000346
q_ind_73_pop_1,0.000021,0.000000,0.000000,0.000228
q_ind_74_pop_1,0.051713,0.051462,0.031146,0.073981
q_ind_75_pop_1,0.055158,0.054883,0.039166,0.072177
q_ind_76_pop_1,0.000038,0.000000,0.000000,0.000436
q_ind_77_pop_1,0.000186,0.000000,0.000000,0.002087
q_ind_78_pop_1,0.017258,0.016893,0.006531,0.030114
q_ind_79_pop_1,0.004246,0.000092,0.000000,0.023633
q_ind_80_pop_1,0.040007,0.039764,0.025320,0.056539
q_ind_81_pop_1,0.000041,0.000000,0.000000,0.000478
q_ind_82_pop_1,0.003917,0.000855,0.000000,0.017347
q_ind_83_pop_1,0.000741,0.000000,0.000000,0.007805
q_ind_84_pop_1,0.000027,0.000000,0.000000,0.000300
q_ind_85_pop_1,0.038183,0.037898,0.021838,0.056287
q_ind_86_pop_1,0.000050,0.000000,0.000000,0.000576
q_ind_87_pop_1,0.000029,0.000000,0.000000,0.000320
q_ind_88_pop_1,0.000061,0.000000,0.000000,0.000722
q_ind_89_pop_1,0.000037,0.000000,0.000000,0.000428
q_ind_90_pop_1,0.000084,0.000000,0.000000,0.000975
q_ind_91_pop_1,0.000048,0.000000,0.000000,0.000534
q_ind_92_pop_1,0.000038,0.000000,0.000000,0.000446
q_ind_93_pop_1,0.000030,0.000000,0.000000,0.000320
q_ind_94_pop_1,0.000038,0.000000,0.000000,0.000425
q_ind_95_pop_1,0.000033,0.000000,0.000000,0.000380
q_ind_96_pop_1,0.000035,0.000000,0.000000,0.000401
q_ind_97_pop_1,0.000024,0.000000,0.000000,0.000263
q_ind_98_pop_1,0.000029,0.000000,0.000000,0.000329
q_ind_99_pop_1,0.000017,0.000000,0.000000,0.000187
q_ind_100_pop_1,0.000029,0.000000,0.000000,0.000340
q_ind_101_pop_1,0.000035,0.000000,0.000000,0.000388
q_ind_102_pop_1,0.000020,0.000000,0.000000,0.000233
q_ind_103_pop_1,0.000074,0.000000,0.000000,0.000807
q_ind_104_pop_1,0.000028,0.000000,0.000000,0.000313
q_ind_105_pop_1,0.000044,0.000000,0.000000,0.000505
q_ind_106_pop_1,0.000043,0.000000,0.000000,0.000458
q_ind_107_pop_1,0.000019,0.000000,0.000000,0.000209
q_ind_108_pop_1,0.000023,0.000000,0.000000,0.000259
q_ind_109_pop_1,0.000033,0.000000,0.000000,0.000364
q_ind_110_pop_1,0.000036,0.000000,0.000000,0.000412
q_ind_111_pop_1,0.000018,0.000000,0.000000,0.000190
q_ind_112_pop_1,0.064331,0.064161,0.048970,0.080705
q_ind_113_pop_1,0.000021,0.000000,0.000000,0.000214
q_ind_114_pop_1,0.000018,0.000000,0.000000,0.000193
q_ind_115_pop_1,0.000032,0.000000,0.000000,0.000358
q_ind_116_pop_1,0.000051,0.000000,0.000000,0.000571
q_ind_117_pop_1,0.000055,0.000000,0.000000,0.000611
q_ind_118_pop_1,0.000042,0.000000,0.000000,0.000451
q_ind_119_pop_1,0.000023,0.000000,0.000000,0.000258
q_ind_120_pop_1,0.000018,0.000000,0.000000,0.000202
q_ind_121_pop_1,0.000026,0.000000,0.000000,0.000296
q_ind_122_pop_1,0.050312,0.050114,0.032885,0.068744
q_ind_123_pop_1,0.000018,0.000000,0.000000,0.000205
q_ind_124_pop_1,0.000020,0.000000,0.000000,0.000222
q_ind_125_pop_1,0.000023,0.000000,0.000000,0.000257
q_ind_126_pop_1,0.036190,0.035826,0.020647,0.053564
q_ind_127_pop_1,0.000018,0.000000,0.000000,0.000198
q_ind_128_pop_1,0.000031,0.000000,0.000000,0.000334
q_ind_129_pop_1,0.000029,0.000000,0.000000,0.000327
q_ind_130_pop_1,0.000019,0.000000,0.000000,0.000215
q_ind_131_pop_1,0.000027,0.000000,0.000000,0.000309
q_ind_132_pop_1,0.000035,0.000000,0.000000,0.000374
q_ind_133_pop_1,0.000029,0.000000,0.000000,0.000319
q_ind_134_pop_1,0.000020,0.000000,0.000000,0.000237
q_ind_135_pop_1,0.000058,0.000000,0.000000,0.000627
q_ind_136_pop_1,0.000069,0.000000,0.000000,0.000779
q_ind_137_pop_1,0.000030,0.000000,0.000000,0.000344
q_ind_138_pop_1,0.000021,0.000000,0.000000,0.000244
q_ind_139_pop_1,0.000049,0.000000,0.000000,0.000540
q_ind_140_pop_1,0.000079,0.000000,0.000000,0.000842
q_ind_141_pop_1,0.000027,0.000000,0.000000,0.000298
q_ind_142_pop_1,0.000060,0.000000,0.000000,0.000685
q_ind_143_pop_1,0.000050,0.000000,0.000000,0.000576
q_ind_144_pop_1,0.000022,0.000000,0.000000,0.000252
q_ind_145_pop_1,0.000037,0.000000,0.000000,0.000399
q_ind_146_pop_1,0.000028,0.000000,0.000000,0.000302
q_ind_147_pop_1,0.000031,0.000000,0.000000,0.000332
q_ind_148_pop_1,0.000043,0.000000,0.000000,0.000487
q_ind_149_pop_1,0.000019,0.000000,0.000000,0.000210
q_ind_150_pop_1,0.000022,0.000000,0.000000,0.000252
q_ind_151_pop_1,0.000018,0.000000,0.000000,0.000199
q_ind_152_pop_1,0.000028,0.000000,0.000000,0.000311
q_ind_153_pop_1,0.000017,0.000000,0.000000,0.000186
q_ind_154_pop_1,0.000031,0.000000,0.000000,0.000362
q_ind_155_pop_1,0.000018,0.000000,0.000000,0.000209
q_ind_156_pop_1,0.000023,0.000000,0.000000,0.000261
q_ind_157_pop_1,0.000017,0.000000,0.000000,0.000191
q_ind_158_pop_1,0.000021,0.000000,0.000000,0.000239
q_ind_159_pop_1,0.000019,0.000000,0.000000,0.000216
q_ind_160_pop_1,0.000018,0.000000,0.000000,0.000203
q_ind_161_pop_1,0.000017,0.000000,0.000000,0.000193
q_ind_162_pop_1,0.000026,0.000000,0.000000,0.000297
q_ind_163_pop_1,0.000020,0.000000,0.000000,0.000229
q_ind_164_pop_1,0.000028,0.000000,0.000000,0.000309
q_ind_165_pop_1,0.000026,0.000000,0.000000,0.000288
q_ind_166_pop_1,0.000035,0.000000,0.000000,0.000402
q_ind_167_pop_1,0.000018,0.000000,0.000000,0.000202
q_ind_168_pop_1,0.000018,0.000000,0.000000,0.000207
q_ind_169_pop_1,0.000050,0.000000,0.000000,0.000569
q_ind_170_pop_1,0.000084,0.000000,0.000000,0.000956
q_ind_171_pop_1,0.000033,0.000000,0.000000,0.000387
q_ind_172_pop_1,0.049831,0.049457,0.028191,0.073401
q_ind_173_pop_1,0.000019,0.000000,0.000000,0.000212
q_ind_174_pop_1,0.000033,0.000000,0.000000,0.000362
q_ind_175_pop_1,0.000021,0.000000,0.000000,0.000241
q_ind_176_pop_1,0.000019,0.000000,0.000000,0.000221
q_ind_177_pop_1,0.000254,0.000000,0.000000,0.003067
q_ind_178_pop_1,0.000049,0.000000,0.000000,0.000550
q_ind_179_pop_1,0.000066,0.000000,0.000000,0.000744
q_ind_180_pop_1,0.000019,0.000000,0.000000,0.000200
q_ind_181_pop_1,0.000023,0.000000,0.000000,0.000256
q_ind_182_pop_1,0.288439,0.288437,0.272432,0.304535
q_ind_183_pop_1,0.287090,0.287097,0.270375,0.303919
q_ind_184_pop_1,0.286525,0.286408,0.268247,0.304784
q_ind_185_pop_1,0.284487,0.284362,0.268701,0.300550
q_ind_186_pop_1,0.283686,0.283628,0.267189,0.300697
q_ind_187_pop_1,0.287099,0.287043,0.270008,0.304290
q_ind_188_pop_1,0.283928,0.283896,0.267394,0.300791
q_ind_189_pop_1,0.287498,0.287503,0.269784,0.305282
q_ind_190_pop_1,0.287621,0.287661,0.271479,0.303865
q_ind_191_pop_1,0.285588,0.285629,0.269676,0.301814
q_ind_192_pop_1,0.281220,0.281202,0.264469,0.298587
q_ind_193_pop_1,0.281385,0.281458,0.264011,0.299063
q_ind_194_pop_1,0.282668,0.282612,0.266026,0.299114
q_ind_195_pop_1,0.277805,0.277736,0.260051,0.295449
q_ind_196_pop_1,0.285019,0.284993,0.268888,0.301236
q_ind_197_pop_1,0.281937,0.281857,0.263985,0.299955
q_ind_198_pop_1,0.287578,0.287591,0.271005,0.304236
q_ind_199_pop_1,0.287583,0.287570,0.271612,0.303741
q_ind_200_pop_1,0.285404,0.285370,0.269028,0.301900
q_ind_201_pop_1,0.281240,0.281195,0.265088,0.297274
q_ind_202_pop_1,0.000022,0.000000,0.000000,0.000240
q_ind_203_pop_1,0.000021,0.000000,0.000000,0.000240
q_ind_204_pop_1,0.000019,0.000000,0.000000,0.000208
q_ind_205_pop_1,0.000018,0.000000,0.000000,0.000204
q_ind_206_pop_1,0.000018,0.000000,0.000000,0.000196
q_ind_207_pop_1,0.000022,0.000000,0.000000,0.000249
q_ind_208_pop_1,0.000023,0.000000,0.000000,0.000259
q_ind_209_pop_1,0.000021,0.000000,0.000000,0.000226
q_ind_210_pop_1,0.000020,0.000000,0.000000,0.000219
q_ind_211_pop_1,0.000021,0.000000,0.000000,0.000228
q_ind_212_pop_1,0.000018,0.000000,0.000000,0.000200
q_ind_213_pop_1,0.000018,0.000000,0.000000,0.000200
q_ind_214_pop_1,0.000029,0.000000,0.000000,0.000338
q_ind_215_pop_1,0.000019,0.000000,0.000000,0.000221
q_ind_216_pop_1,0.000019,0.000000,0.000000,0.000212
q_ind_217_pop_1,0.000019,0.000000,0.000000,0.000211
q_ind_218_pop_1,0.000017,0.000000,0.000000,0.000183
q_ind_219_pop_1,0.000020,0.000000,0.000000,0.000222
q_ind_220_pop_1,0.000024,0.000000,0.000000,0.000268
q_ind_221_pop_1,0.000020,0.000000,0.000000,0.000225
q_ind_222_pop_1,0.302305,0.302196,0.280092,0.325039
q_ind_223_pop_1,0.302685,0.302674,0.278302,0.327346
q_ind_224_pop_1,0.321591,0.321626,0.301255,0.342128
q_ind_225_pop_1,0.309736,0.309610,0.284228,0.336047
q_ind_226_pop_1,0.320657,0.320553,0.295328,0.346141
q_ind_227_pop_1,0.308547,0.308456,0.284252,0.333303
q_ind_228_pop_1,0.323513,0.323439,0.303090,0.344375
q_ind_229_pop_1,0.313160,0.313252,0.291466,0.334742
q_ind_230_pop_1,0.304030,0.303874,0.280290,0.327791
q_ind_231_pop_1,0.308999,0.309163,0.279496,0.338237
q_ind_232_pop_1,0.309502,0.309467,0.276785,0.343032
q_ind_233_pop_1,0.304455,0.304375,0.276682,0.333110
q_ind_234_pop_1,0.000081,0.000000,0.000000,0.000949
q_ind_235_pop_1,0.000056,0.000000,0.000000,0.000610
q_ind_236_pop_1,0.000103,0.000000,0.000000,0.001173
q_ind_237_pop_1,0.000053,0.000000,0.000000,0.000611
q_ind_238_pop_1,0.000525,0.000000,0.000000,0.006159
q_ind_239_pop_1,0.002472,0.000005,0.000000,0.016634
q_ind_240_pop_1,0.005544,0.001399,0.000000,0.024533
q_ind_241_pop_1,0.000100,0.000000,0.000000,0.001131
q_ind_242_pop_1,0.000041,0.000000,0.000000,0.000461
q_ind_243_pop_1,0.000410,0.000000,0.000000,0.003321
q_ind_244_pop_1,0.000189,0.000000,0.000000,0.002030
q_ind_245_pop_1,0.000091,0.000000,0.000000,0.001063
q_ind_246_pop_1,0.000179,0.000000,0.000000,0.002102
q_ind_247_pop_1,0.049205,0.048891,0.032292,0.068026
q_ind_248_pop_1,0.005025,0.001040,0.000000,0.021961
q_ind_249_pop_1,0.002455,0.001339,0.000000,0.009821
q_ind_250_pop_1,0.000023,0.000000,0.000000,0.000264
q_ind_251_pop_1,0.000388,0.000000,0.000000,0.004152
q_ind_252_pop_1,0.000578,0.000000,0.000000,0.006065
q_ind_253_pop_1,0.000037,0.000000,0.000000,0.000416
q_ind_254_pop_1,0.000276,0.000000,0.000000,0.002950
q_ind_255_pop_1,0.000285,0.000000,0.000000,0.003190
q_ind_256_pop_1,0.000057,0.000000,0.000000,0.000651
q_ind_257_pop_1,0.000045,0.000000,0.000000,0.000517
q_ind_258_pop_1,0.008077,0.007683,0.002336,0.015916
q_ind_259_pop_1,0.000061,0.000000,0.000000,0.000722
q_ind_260_pop_1,0.025451,0.025114,0.011288,0.041687
q_ind_261_pop_1,0.002788,0.000022,0.000000,0.016245
q_ind_262_pop_1,0.009541,0.009027,0.000000,0.024045
q_ind_263_pop_1,0.539705,0.539640,0.519214,0.560292
q_ind_264_pop_1,0.001371,0.000002,0.000000,0.009994
q_ind_265_pop_1,0.000271,0.000000,0.000000,0.003287
q_ind_266_pop_1,0.018627,0.018175,0.003206,0.035891
q_ind_267_pop_1,0.000056,0.000000,0.000000,0.000622
q_ind_268_pop_1,0.000344,0.000000,0.000000,0.003949
q_ind_269_pop_1,0.000406,0.000000,0.000000,0.004969
q_ind_270_pop_1,0.000318,0.000000,0.000000,0.003352
q_ind_271_pop_1,0.000333,0.000000,0.000000,0.004072
q_ind_272_pop_1,0.000153,0.000000,0.000000,0.001678
q_ind_273_pop_1,0.000083,0.000000,0.000000,0.000946
q_ind_274_pop_1,0.000317,0.000000,0.000000,0.003856
q_ind_275_pop_1,0.000073,0.000000,0.000000,0.000819
q_ind_276_pop_1,0.000066,0.000000,0.000000,0.000751
q_ind_277_pop_1,0.000083,0.000000,0.000000,0.000933
q_ind_278_pop_1,0.000069,0.000000,0.000000,0.000786
q_ind_279_pop_1,0.000063,0.000000,0.000000,0.000703
q_ind_280_pop_1,0.000128,0.000000,0.000000,0.001401
q_ind_281_pop_1,0.000047,0.000000,0.000000,0.000535
q_ind_282_pop_1,0.000053,0.000000,0.000000,0.000630
q_ind_283_pop_1,0.000935,0.000001,0.000000,0.007683
q_ind_284_pop_1,0.000103,0.000000,0.000000,0.001195
q_ind_285_pop_1,0.000051,0.000000,0.000000,0.000569
q_ind_286_pop_1,0.000064,0.000000,0.000000,0.000725
q_ind_287_pop_1,0.000040,0.000000,0.000000,0.000428
q_ind_288_pop_1,0.000043,0.000000,0.000000,0.000486
q_ind_289_pop_1,0.002083,0.000173,0.000000,0.010683
q_ind_290_pop_1,0.000043,0.000000,0.000000,0.000473
q_ind_291_pop_1,0.000243,0.000000,0.000000,0.002445
q_ind_292_pop_1,0.000275,0.000000,0.000000,0.003311
q_ind_293_pop_1,0.000485,0.000000,0.000000,0.004185
q_ind_294_pop_1,0.000451,0.000000,0.000000,0.003536
q_ind_295_pop_1,0.000057,0.000000,0.000000,0.000653
q_ind_296_pop_1,0.001783,0.000001,0.000000,0.014216
q_ind_297_pop_1,0.048495,0.048009,0.030812,0.068480
q_ind_298_pop_1,0.030263,0.029858,0.014295,0.048863
q_ind_299_pop_1,0.000173,0.000000,0.000000,0.002086
q_ind_300_pop_1,0.049877,0.049317,0.030970,0.072006
q_ind_301_pop_1,0.306645,0.306583,0.278790,0.334781
q_ind_302_pop_1,0.311488,0.311372,0.290724,0.333164
q_ind_303_pop_1,0.318874,0.318874,0.292567,0.345790
q_ind_304_pop_1,0.322429,0.322206,0.297615,0.348507
q_ind_305_pop_1,0.320602,0.320624,0.298427,0.342769
q_ind_306_pop_1,0.000053,0.000000,0.000000,0.000606
q_ind_307_pop_1,0.000144,0.000000,0.000000,0.001709
q_ind_308_pop_1,0.000050,0.000000,0.000000,0.000556
q_ind_309_pop_1,0.000102,0.000000,0.000000,0.001108
q_ind_310_pop_1,0.000065,0.000000,0.000000,0.000716
q_ind_311_pop_1,0.000115,0.000000,0.000000,0.001288
q_ind_312_pop_1,0.000139,0.000000,0.000000,0.001515
q_ind_313_pop_1,0.063526,0.063008,0.039599,0.090416
q_ind_314_pop_1,0.045048,0.044649,0.025312,0.066214
q_ind_315_pop_1,0.052348,0.052012,0.034677,0.072112
q_ind_316_pop_1,0.059369,0.058982,0.036075,0.084111
q_ind_317_pop_1,0.057662,0.057109,0.037279,0.080263
q_ind_318_pop_1,0.035113,0.034883,0.007989,0.061448
q_ind_319_pop_1,0.999979,1.000000,0.999753,1.000000
q_ind_320_pop_1,0.546356,0.546442,0.525673,0.566423
q_ind_321_pop_1,0.999980,1.000000,0.999786,1.000000
q_ind_322_pop_1,0.999960,1.000000,0.999546,1.000000
q_ind_323_pop_1,0.999984,1.000000,0.999807,1.000000
q_ind_324_pop_1,0.999984,1.000000,0.999821,1.000000
q_ind_325_pop_1,0.999981,1.000000,0.999792,1.000000
q_ind_326_pop_1,0.999983,1.000000,0.999812,1.000000
q_ind_327_pop_1,0.999982,1.000000,0.999801,1.000000
q_ind_328_pop_1,0.010152,0.009953,0.005581,0.015679
q_ind_329_pop_1,0.012630,0.012386,0.006603,0.019892
q_ind_330_pop_1,0.021052,0.020891,0.011888,0.031417
q_ind_331_pop_1,0.030922,0.030748,0.020730,0.042092
q_ind_332_pop_1,0.030699,0.030557,0.019471,0.042858
q_ind_333_pop_1,0.002994,0.002915,0.000000,0.007000
q_ind_334_pop_1,0.013772,0.013550,0.005338,0.023447
q_ind_335_pop_1,0.005447,0.005253,0.001886,0.010087
q_ind_336_pop_1,0.013979,0.013704,0.005830,0.023929
q_ind_337_pop_1,0.014840,0.014656,0.005988,0.024643
q_ind_338_pop_1,0.000050,0.000000,0.000000,0.000562
q_ind_339_pop_1,0.999388,0.999986,0.996687,1.000000
q_ind_340_pop_1,0.001792,0.001297,0.000000,0.006280
q_ind_341_pop_1,0.003303,0.003209,0.000000,0.008556
q_ind_342_pop_1,0.000727,0.000003,0.000000,0.004714
q_ind_343_pop_1,0.007624,0.007445,0.003081,0.013228
q_ind_344_pop_1,0.999962,1.000000,0.999580,1.000000
q_ind_345_pop_1,0.000070,0.000000,0.000000,0.000791
q_ind_346_pop_1,0.019663,0.019416,0.011463,0.029308
q_ind_347_pop_1,0.999462,0.999997,0.996606,1.000000
q_ind_348_pop_1,0.006799,0.006625,0.002786,0.011832
q_ind_349_pop_1,0.005023,0.004889,0.001904,0.008963
q_ind_350_pop_1,0.000064,0.000000,0.000000,0.000703
q_ind_351_pop_1,0.006779,0.006637,0.003269,0.011084
q_ind_352_pop_1,0.000091,0.000000,0.000000,0.001017
q_ind_353_pop_1,0.000165,0.000000,0.000000,0.001576
q_ind_354_pop_1,0.000417,0.000002,0.000000,0.002693
q_ind_355_pop_1,0.009927,0.009774,0.005885,0.014836
q_ind_356_pop_1,0.007318,0.007180,0.003673,0.011762
q_ind_357_pop_1,0.000037,0.000000,0.000000,0.000409
q_ind_358_pop_1,0.000025,0.000000,0.000000,0.000268
q_ind_359_pop_1,0.372903,0.372816,0.353552,0.392812
q_ind_360_pop_1,0.296191,0.296371,0.278526,0.313886
q_ind_361_pop_1,0.292785,0.292708,0.275603,0.310082
q_ind_362_pop_1,0.305395,0.305431,0.286859,0.324376
q_ind_363_pop_1,0.308534,0.308603,0.290938,0.325891
q_ind_364_pop_1,0.314077,0.313957,0.295315,0.333396
q_ind_365_pop_1,0.297219,0.297098,0.280004,0.314886
q_ind_366_pop_1,0.311278,0.311280,0.293634,0.328914
q_ind_367_pop_1,0.305266,0.305249,0.287570,0.323450
q_ind_368_pop_1,0.000023,0.000000,0.000000,0.000251
q_ind_369_pop_1,0.999983,1.000000,0.999818,1.000000
q_ind_370_pop_1,0.999951,1.000000,0.999445,1.000000
q_ind_371_pop_1,0.999938,1.000000,0.999283,1.000000
q_ind_372_pop_1,0.999971,1.000000,0.999672,1.000000
q_ind_373_pop_1,0.999496,0.999976,0.997390,1.000000
q_ind_374_pop_1,0.994605,0.994724,0.990900,0.997671
q_ind_375_pop_1,0.997800,0.997858,0.994758,1.000000
q_ind_376_pop_1,0.999950,1.000000,0.999440,1.000000
q_ind_377_pop_1,0.999865,1.000000,0.998667,1.000000
q_ind_378_pop_1,0.999533,0.999997,0.997001,1.000000
q_ind_379_pop_1,0.999798,1.000000,0.998259,1.000000
q_ind_380_pop_1,0.999975,1.000000,0.999725,1.000000
q_ind_381_pop_1,0.999964,1.000000,0.999583,1.000000
q_ind_382_pop_1,0.999943,1.000000,0.999365,1.000000
q_ind_383_pop_1,0.999956,1.000000,0.999508,1.000000
q_ind_384_pop_1,0.999956,1.000000,0.999527,1.000000
q_ind_385_pop_1,0.994484,0.994609,0.990760,0.997620
q_ind_386_pop_1,0.999972,1.000000,0.999689,1.000000
q_ind_387_pop_1,0.332106,0.332069,0.311986,0.352323
q_ind_388_pop_1,0.297216,0.297097,0.280205,0.314506
q_ind_389_pop_1,0.302470,0.302451,0.284144,0.321295
q_ind_390_pop_1,0.294457,0.294402,0.276273,0.312645
q_ind_391_pop_1,0.302701,0.302601,0.282834,0.322909
q_ind_392_pop_1,0.289477,0.289349,0.271999,0.307074
q_ind_393_pop_1,0.291232,0.291183,0.272401,0.310263
q_ind_394_pop_1,0.286040,0.286000,0.268062,0.304575
q_ind_395_pop_1,0.298452,0.298374,0.281023,0.316078
q_ind_396_pop_1,0.307010,0.307021,0.289433,0.324923
q_ind_397_pop_1,0.999894,1.000000,0.998915,1.000000
q_ind_398_pop_1,0.999966,1.000000,0.999602,1.000000
q_ind_399_pop_1,0.999982,1.000000,0.999799,1.000000
q_ind_400_pop_1,0.999979,1.000000,0.999772,1.000000
q_ind_401_pop_1,0.999976,1.000000,0.999739,1.000000
q_ind_402_pop_1,0.999973,1.000000,0.999675,1.000000
q_ind_403_pop_1,0.999974,1.000000,0.999708,1.000000
q_ind_404_pop_1,0.999969,1.000000,0.999625,1.000000
q_ind_405_pop_1,0.999964,1.000000,0.999599,1.000000
q_ind_406_pop_1,0.994542,0.994637,0.990891,0.997551
q_ind_407_pop_1,0.999955,1.000000,0.999482,1.000000
q_ind_408_pop_1,0.999980,1.000000,0.999772,1.000000
q_ind_409_pop_1,0.999974,1.000000,0.999702,1.000000
q_ind_410_pop_1,0.999970,1.000000,0.999663,1.000000
q_ind_411_pop_1,0.999969,1.000000,0.999646,1.000000
q_ind_412_pop_1,0.999968,1.000000,0.999642,1.000000
q_ind_413_pop_1,0.999767,1.000000,0.998063,1.000000
q_ind_414_pop_1,0.999598,0.999998,0.997493,1.000000
q_ind_415_pop_1,0.999965,1.000000,0.999585,1.000000
q_ind_416_pop_1,0.999961,1.000000,0.999553,1.000000
q_ind_417_pop_1,0.999981,1.000000,0.999784,1.000000
q_ind_418_pop_1,0.999983,1.000000,0.999803,1.000000
q_ind_419_pop_1,0.999973,1.000000,0.999695,1.000000
q_ind_420_pop_1,0.999973,1.000000,0.999699,1.000000
q_ind_421_pop_1,0.999882,1.000000,0.998637,1.000000
q_ind_422_pop_1,0.999984,1.000000,0.999813,1.000000
q_ind_423_pop_1,0.999983,1.000000,0.999821,1.000000
q_ind_424_pop_1,0.999976,1.000000,0.999733,1.000000
q_ind_425_pop_1,0.999982,1.000000,0.999797,1.000000
q_ind_426_pop_1,0.532343,0.532362,0.516775,0.548024
q_ind_427_pop_1,0.999982,1.000000,0.999786,1.000000
q_ind_428_pop_1,0.002546,0.002407,0.000000,0.006925
q_ind_429_pop_1,0.999702,1.000000,0.997915,1.000000
q_ind_430_pop_1,0.000332,0.000000,0.000000,0.002904
q_ind_431_pop_1,0.999982,1.000000,0.999798,1.000000
q_ind_432_pop_1,0.999978,1.000000,0.999742,1.000000
q_ind_433_pop_1,0.997898,0.997955,0.995403,1.000000
q_ind_434_pop_1,0.997467,0.997520,0.994978,0.999995
q_ind_435_pop_1,0.999980,1.000000,0.999777,1.000000
q_ind_436_pop_1,0.999974,1.000000,0.999704,1.000000
q_ind_437_pop_1,0.999985,1.000000,0.999831,1.000000
q_ind_438_pop_1,0.999979,1.000000,0.999773,1.000000
q_ind_439_pop_1,0.999531,1.000000,0.996547,1.000000
q_ind_440_pop_1,0.999970,1.000000,0.999659,1.000000
q_ind_441_pop_1,0.999966,1.000000,0.999622,1.000000
q_ind_442_pop_1,0.998164,0.998252,0.994926,1.000000
q_ind_443_pop_1,0.999962,1.000000,0.999565,1.000000
q_ind_444_pop_1,0.997470,0.997528,0.994202,1.000000
q_ind_445_pop_1,0.342368,0.342380,0.323676,0.360500
q_ind_446_pop_1,0.337206,0.337142,0.318440,0.355998
q_ind_447_pop_1,0.348801,0.348753,0.330369,0.367273
q_ind_448_pop_1,0.348597,0.348504,0.329603,0.368120
q_ind_449_pop_1,0.344626,0.344707,0.325279,0.363492
q_ind_450_pop_1,0.351736,0.351812,0.333042,0.370536
q_ind_451_pop_1,0.999854,1.000000,0.998547,1.000000
q_ind_452_pop_1,0.381403,0.381520,0.361607,0.400937
q_ind_453_pop_1,0.367224,0.367203,0.346995,0.387248
q_ind_454_pop_1,0.372485,0.372428,0.349048,0.395895
q_ind_455_pop_1,0.375089,0.375112,0.355384,0.395061
q_ind_456_pop_1,0.378036,0.378148,0.358050,0.397707
q_ind_457_pop_1,0.373016,0.372907,0.353490,0.392685
q_ind_458_pop_1,0.370230,0.370123,0.350960,0.389602
q_ind_459_pop_1,0.374432,0.374455,0.355090,0.393618
q_ind_460_pop_1,0.999958,1.000000,0.999538,1.000000
q_ind_461_pop_1,0.999987,1.000000,0.999850,1.000000
q_ind_462_pop_1,0.999972,1.000000,0.999686,1.000000
q_ind_463_pop_1,0.999972,1.000000,0.999687,1.000000
q_ind_464_pop_1,0.999963,1.000000,0.999570,1.000000
q_ind_465_pop_1,0.997897,0.997941,0.995280,1.000000
q_ind_466_pop_1,0.000404,0.000001,0.000000,0.003064
q_ind_467_pop_1,0.661695,0.661620,0.645941,0.677338
q_ind_468_pop_1,0.999462,0.999999,0.996200,1.000000
q_ind_469_pop_1,0.999858,1.000000,0.998633,1.000000
q_ind_470_pop_1,0.000037,0.000000,0.000000,0.000419
q_ind_471_pop_1,0.000032,0.000000,0.000000,0.000372
q_ind_472_pop_1,0.000033,0.000000,0.000000,0.000376
q_ind_473_pop_1,0.000193,0.000000,0.000000,0.002056
q_ind_474_pop_1,0.000032,0.000000,0.000000,0.000356
q_ind_475_pop_1,0.000133,0.000000,0.000000,0.001403
q_ind_476_pop_1,0.000219,0.000000,0.000000,0.002024
q_ind_477_pop_1,0.000058,0.000000,0.000000,0.000654
q_ind_478_pop_1,0.000057,0.000000,0.000000,0.000636
q_ind_479_pop_1,0.003461,0.003382,0.000006,0.007063
q_ind_480_pop_1,0.011025,0.010902,0.006527,0.016214
q_ind_481_pop_1,0.011082,0.010954,0.006748,0.016194
q_ind_482_pop_1,0.000028,0.000000,0.000000,0.000317
q_ind_483_pop_1,0.000039,0.000000,0.000000,0.000443
q_ind_484_pop_1,0.000048,0.000000,0.000000,0.000552
q_ind_485_pop_1,0.000068,0.000000,0.000000,0.000773
q_ind_486_pop_1,0.999976,1.000000,0.999740,1.000000
q_ind_487_pop_1,0.999938,1.000000,0.999273,1.000000
q_ind_488_pop_1,0.999942,1.000000,0.999355,1.000000
q_ind_489_pop_1,0.113053,0.112879,0.094263,0.132708
q_ind_490_pop_1,0.999963,1.000000,0.999568,1.000000
q_ind_491_pop_1,0.821475,0.821550,0.808573,0.834226
q_ind_492_pop_1,0.198977,0.198702,0.165111,0.234778
q_ind_493_pop_1,0.999833,1.000000,0.998353,1.000000
q_ind_494_pop_1,0.163797,0.163519,0.128360,0.201575
q_ind_495_pop_1,0.999970,1.000000,0.999651,1.000000
q_ind_496_pop_1,0.999986,1.000000,0.999844,1.000000
q_ind_497_pop_1,0.999931,1.000000,0.999227,1.000000
q_ind_498_pop_1,0.999983,1.000000,0.999815,1.000000
q_ind_499_pop_1,0.999985,1.000000,0.999828,1.000000
q_ind_500_pop_1,0.999983,1.000000,0.999806,1.000000
q_ind_501_pop_1,0.999986,1.000000,0.999840,1.000000
q_ind_502_pop_1,0.999967,1.000000,0.999624,1.000000
q_ind_503_pop_1,0.999982,1.000000,0.999805,1.000000
q_ind_504_pop_1,0.999980,1.000000,0.999779,1.000000
q_ind_505_pop_1,0.999960,1.000000,0.999545,1.000000
q_ind_506_pop_1,0.999976,1.000000,0.999725,1.000000
q_ind_507_pop_1,0.999954,1.000000,0.999486,1.000000
q_ind_508_pop_1,0.999983,1.000000,0.999805,1.000000
q_ind_509_pop_1,0.999963,1.000000,0.999572,1.000000
q_ind_510_pop_1,0.999952,1.000000,0.999455,1.000000
q_ind_511_pop_1,0.999974,1.000000,0.999707,1.000000
q_ind_512_pop_1,0.999983,1.000000,0.999804,1.000000
q_ind_513_pop_1,0.999983,1.000000,0.999827,1.000000
q_ind_514_pop_1,0.999978,1.000000,0.999761,1.000000
q_ind_515_pop_1,0.999976,1.000000,0.999748,1.000000
q_ind_516_pop_1,0.999983,1.000000,0.999812,1.000000
q_ind_517_pop_1,0.999981,1.000000,0.999791,1.000000
q_ind_518_pop_1,0.999984,1.000000,0.999817,1.000000
q_ind_519_pop_1,0.999431,0.999999,0.996290,1.000000
q_ind_520_pop_1,0.999966,1.000000,0.999631,1.000000
q_ind_521_pop_1,0.999196,0.999993,0.995392,1.000000
q_ind_522_pop_1,0.999971,1.000000,0.999677,1.000000
q_ind_523_pop_1,0.286610,0.286532,0.270476,0.303346
q_ind_524_pop_1,0.286504,0.286481,0.269832,0.303538
q_ind_525_pop_1,0.292143,0.292149,0.275714,0.308597
q_ind_526_pop_1,0.285703,0.285696,0.268939,0.302645
q_ind_527_pop_1,0.282037,0.282011,0.264356,0.300069
q_ind_528_pop_1,0.290776,0.290809,0.274286,0.306954
q_ind_529_pop_1,0.288133,0.288185,0.270866,0.305398
q_ind_530_pop_1,0.290709,0.290617,0.274020,0.307734
q_ind_531_pop_1,0.284953,0.284891,0.268797,0.301021
q_ind_532_pop_1,0.291854,0.291849,0.274844,0.308950
q_ind_533_pop_1,0.999981,1.000000,0.999785,1.000000
q_ind_534_pop_1,0.999982,1.000000,0.999807,1.000000
q_ind_535_pop_1,0.999983,1.000000,0.999799,1.000000
q_ind_536_pop_1,0.999974,1.000000,0.999711,1.000000
q_ind_537_pop_1,0.999984,1.000000,0.999818,1.000000
q_ind_538_pop_1,0.999984,1.000000,0.999822,1.000000
q_ind_539_pop_1,0.999983,1.000000,0.999811,1.000000
q_ind_540_pop_1,0.999984,1.000000,0.999820,1.000000
q_ind_541_pop_1,0.999983,1.000000,0.999813,1.000000
q_ind_542_pop_1,0.000031,0.000000,0.000000,0.000342
q_ind_543_pop_1,0.000032,0.000000,0.000000,0.000358
q_ind_544_pop_1,0.000041,0.000000,0.000000,0.000479
q_ind_545_pop_1,0.000025,0.000000,0.000000,0.000276
q_ind_546_pop_1,0.156330,0.156301,0.143213,0.169638
q_ind_547_pop_1,0.051671,0.051477,0.040458,0.063860
q_ind_548_pop_1,0.013621,0.013497,0.008801,0.019121
q_ind_549_pop_1,0.000033,0.000000,0.000000,0.000369
q_ind_550_pop_1,0.000044,0.000000,0.000000,0.000494
q_ind_551_pop_1,0.000031,0.000000,0.000000,0.000379
q_ind_552_pop_1,0.301002,0.300919,0.282609,0.319677
q_ind_553_pop_1,0.317166,0.317078,0.296915,0.337509
q_ind_554_pop_1,0.316025,0.316050,0.293365,0.338493
q_ind_555_pop_1,0.314206,0.314164,0.295895,0.332699
q_ind_556_pop_1,0.324940,0.324873,0.306276,0.343958
q_ind_557_pop_1,0.300845,0.300860,0.281096,0.320589
q_ind_558_pop_1,0.999689,1.000000,0.997629,1.000000
q_ind_559_pop_1,0.309833,0.309815,0.290584,0.328913
q_ind_560_pop_1,0.293168,0.293227,0.275729,0.310577
q_ind_561_pop_1,0.303432,0.303366,0.285126,0.321967
q_ind_562_pop_1,0.308789,0.308764,0.290736,0.327389
q_ind_563_pop_1,0.310110,0.310048,0.291168,0.329510
q_ind_564_pop_1,0.297997,0.297804,0.277094,0.319612
q_ind_565_pop_1,0.311336,0.311197,0.293691,0.328753
q_ind_566_pop_1,0.999965,1.000000,0.999599,1.000000
q_ind_567_pop_1,0.999973,1.000000,0.999708,1.000000
q_ind_568_pop_1,0.293614,0.293615,0.274084,0.313016
q_ind_569_pop_1,0.313055,0.313005,0.294419,0.331854
q_ind_570_pop_1,0.996086,0.996173,0.992312,0.999636
q_ind_571_pop_1,0.295803,0.295870,0.278319,0.313294
q_ind_572_pop_1,0.998326,0.998486,0.995071,1.000000
q_ind_573_pop_1,0.999858,1.000000,0.998560,1.000000
q_ind_574_pop_1,0.169591,0.169471,0.150036,0.189940
q_ind_575_pop_1,0.331686,0.331619,0.311927,0.351667
q_ind_576_pop_1,0.176912,0.176762,0.155580,0.198700
q_ind_577_pop_1,0.253897,0.253913,0.232615,0.275273
q_ind_578_pop_1,0.999880,1.000000,0.998870,1.000000
q_ind_579_pop_1,0.999979,1.000000,0.999757,1.000000
q_ind_580_pop_1,0.999964,1.000000,0.999597,1.000000
q_ind_581_pop_1,0.999978,1.000000,0.999753,1.000000
q_ind_582_pop_1,0.999911,1.000000,0.998954,1.000000
q_ind_583_pop_1,0.999900,1.000000,0.998853,1.000000
q_ind_584_pop_1,0.999968,1.000000,0.999643,1.000000
q_ind_585_pop_1,0.999963,1.000000,0.999588,1.000000
q_ind_586_pop_1,0.999980,1.000000,0.999768,1.000000
q_ind_587_pop_1,0.999978,1.000000,0.999743,1.000000
q_ind_588_pop_1,0.335130,0.335118,0.316081,0.354066
q_ind_589_pop_1,0.307054,0.306995,0.286318,0.327733
q_ind_590_pop_1,0.564955,0.564994,0.548320,0.581292
q_ind_591_pop_1,0.547006,0.547104,0.526240,0.567442
q_ind_592_pop_1,0.314953,0.314842,0.295324,0.334684
q_ind_593_pop_1,0.318089,0.318007,0.299387,0.337467
q_ind_594_pop_1,0.322447,0.322355,0.304459,0.341016
q_ind_595_pop_1,0.322626,0.322569,0.302521,0.342932
q_ind_596_pop_1,0.316188,0.316122,0.298138,0.334522
q_ind_597_pop_1,0.323092,0.323014,0.304796,0.341681
q_ind_598_pop_1,0.999261,0.999922,0.996495,1.000000
q_ind_599_pop_1,0.999981,1.000000,0.999780,1.000000
q_ind_600_pop_1,0.999962,1.000000,0.999573,1.000000
q_ind_601_pop_1,0.028219,0.028077,0.018619,0.039135
q_ind_602_pop_1,0.999750,1.000000,0.997919,1.000000
q_ind_603_pop_1,0.999920,1.000000,0.999118,1.000000
q_ind_604_pop_1,0.015876,0.015617,0.007550,0.025792
q_ind_605_pop_1,0.014546,0.014176,0.006483,0.024566
q_ind_606_pop_1,0.999935,1.000000,0.999257,1.000000
q_ind_607_pop_1,0.993997,0.994090,0.990318,0.997136
q_ind_608_pop_1,0.031695,0.031484,0.020298,0.044304
q_ind_609_pop_1,0.999977,1.000000,0.999732,1.000000
q_ind_610_pop_1,0.999973,1.000000,0.999693,1.000000
q_ind_611_pop_1,0.999955,1.000000,0.999486,1.000000
q_ind_612_pop_1,0.999939,1.000000,0.999318,1.000000
q_ind_613_pop_1,0.999962,1.000000,0.999552,1.000000
q_ind_614_pop_1,0.999983,1.000000,0.999817,1.000000
q_ind_615_pop_1,0.999984,1.000000,0.999814,1.000000
q_ind_616_pop_1,0.999983,1.000000,0.999809,1.000000
q_ind_617_pop_1,0.999975,1.000000,0.999712,1.000000
q_ind_618_pop_1,0.999983,1.000000,0.999822,1.000000
q_ind_619_pop_1,0.000098,0.000000,0.000000,0.001044
q_ind_620_pop_1,0.000038,0.000000,0.000000,0.000426
q_ind_621_pop_1,0.000028,0.000000,0.000000,0.000315
q_ind_622_pop_1,0.000047,0.000000,0.000000,0.000542
q_ind_623_pop_1,0.000030,0.000000,0.000000,0.000334
q_ind_624_pop_1,0.026236,0.026116,0.020048,0.033092
q_ind_625_pop_1,0.000088,0.000000,0.000000,0.000940
q_ind_626_pop_1,0.001478,0.001202,0.000000,0.004917
q_ind_627_pop_1,0.000041,0.000000,0.000000,0.000470
q_ind_628_pop_1,0.000028,0.000000,0.000000,0.000317
q_ind_629_pop_1,0.999951,1.000000,0.999453,1.000000
q_ind_630_pop_1,0.370004,0.369882,0.350733,0.389345
q_ind_631_pop_1,0.999959,1.000000,0.999555,1.000000
q_ind_632_pop_1,0.999979,1.000000,0.999760,1.000000
q_ind_633_pop_1,0.376753,0.376826,0.352906,0.400642
q_ind_634_pop_1,0.999962,1.000000,0.999574,1.000000
q_ind_635_pop_1,0.999958,1.000000,0.999518,1.000000
q_ind_636_pop_1,0.999976,1.000000,0.999730,1.000000
q_ind_637_pop_1,0.371359,0.371339,0.352074,0.390660
q_ind_638_pop_1,0.282889,0.282929,0.265647,0.300123
q_ind_639_pop_1,0.298135,0.298007,0.280942,0.315213
q_ind_640_pop_1,0.304116,0.304162,0.286667,0.321443
q_ind_641_pop_1,0.308665,0.308697,0.290491,0.326742
q_ind_642_pop_1,0.297560,0.297498,0.279454,0.316098
q_ind_643_pop_1,0.285083,0.285075,0.267595,0.303155
q_ind_644_pop_1,0.291152,0.291082,0.273221,0.309531
q_ind_645_pop_1,0.303604,0.303558,0.284941,0.322255
q_ind_646_pop_1,0.289793,0.289866,0.270843,0.308620
q_ind_647_pop_1,0.290628,0.290562,0.273839,0.307694
q_ind_648_pop_1,0.583195,0.583100,0.564115,0.602390
q_ind_649_pop_1,0.999940,1.000000,0.999312,1.000000
q_ind_650_pop_1,0.999982,1.000000,0.999807,1.000000
q_ind_651_pop_1,0.999986,1.000000,0.999846,1.000000
q_ind_652_pop_1,0.999988,1.000000,0.999866,1.000000
q_ind_653_pop_1,0.000035,0.000000,0.000000,0.000396
q_ind_654_pop_1,0.589806,0.589844,0.572134,0.607302
q_ind_655_pop_1,0.000032,0.000000,0.000000,0.000360
q_ind_656_pop_1,0.000044,0.000000,0.000000,0.000506
q_ind_657_pop_1,0.999975,1.000000,0.999714,1.000000
q_ind_658_pop_1,0.999960,1.000000,0.999526,1.000000
q_ind_659_pop_1,0.999664,0.999999,0.997648,1.000000
q_ind_660_pop_1,0.998879,0.999328,0.995720,1.000000
q_ind_661_pop_1,0.004204,0.004061,0.000592,0.008540
q_ind_662_pop_1,0.999974,1.000000,0.999706,1.000000
q_ind_663_pop_1,0.999982,1.000000,0.999797,1.000000
q_ind_664_pop_1,0.984378,0.984453,0.979492,0.988702
q_ind_665_pop_1,0.001776,0.001210,0.000000,0.006380
q_ind_666_pop_1,0.532887,0.532898,0.515376,0.550377
q_ind_667_pop_1,0.855547,0.855765,0.834030,0.876049
q_ind_668_pop_1,0.999975,1.000000,0.999725,1.000000
q_ind_669_pop_1,0.999957,1.000000,0.999512,1.000000
q_ind_670_pop_1,0.999970,1.000000,0.999665,1.000000
q_ind_671_pop_1,0.999885,1.000000,0.998778,1.000000
q_ind_672_pop_1,0.999982,1.000000,0.999793,1.000000
q_ind_673_pop_1,0.999980,1.000000,0.999770,1.000000
q_ind_674_pop_1,0.999984,1.000000,0.999820,1.000000
q_ind_675_pop_1,0.999979,1.000000,0.999772,1.000000
q_ind_676_pop_1,0.999921,1.000000,0.999103,1.000000
q_ind_677_pop_1,0.999955,1.000000,0.999515,1.000000
q_ind_678_pop_1,0.999978,1.000000,0.999749,1.000000
q_ind_679_pop_1,0.999957,1.000000,0.999507,1.000000
q_ind_680_pop_1,0.999719,1.000000,0.997643,1.000000
q_ind_681_pop_1,0.999713,1.000000,0.997629,1.000000
q_ind_682_pop_1,0.999983,1.000000,0.999817,1.000000
q_ind_683_pop_1,0.003331,0.003246,0.000000,0.006901
q_ind_684_pop_1,0.000302,0.000000,0.000000,0.002594
q_ind_685_pop_1,0.000033,0.000000,0.000000,0.000365
q_ind_686_pop_1,0.000024,0.000000,0.000000,0.000281
q_ind_687_pop_1,0.000024,0.000000,0.000000,0.000262
q_ind_688_pop_1,0.000069,0.000000,0.000000,0.000811
q_ind_689_pop_1,0.000115,0.000000,0.000000,0.001213
q_ind_690_pop_1,0.999979,1.000000,0.999771,1.000000
q_ind_691_pop_1,0.999958,1.000000,0.999524,1.000000
q_ind_692_pop_1,0.999973,1.000000,0.999691,1.000000
q_ind_693_pop_1,0.999979,1.000000,0.999763,1.000000
q_ind_694_pop_1,0.999983,1.000000,0.999810,1.000000
